0 0.63203125 0.67109375 0.1734375 0.33125
0 0.421875 0.6859375 0.20625 0.32890625
0 0.16796875 0.69296875 0.1921875 0.31484375
0 0.08046875 0.53671875 0.1390625 0.2203125
0 0.2578125 0.5078125 0.103125 0.1359375
0 0.8203125 0.6578125 0.184375 0.28828125
0 0.93984375 0.46640625 0.1203125 0.209375
0 0.76015625 0.45234375 0.1203125 0.1546875
0 0.446875 0.45625 0.109375 0.16328125
0 0.34765625 0.48359375 0.0859375 0.1359375
0 0.3859375 0.29375 0.10625 0.16875
0 0.50859375 0.271875 0.1203125 0.16328125
0 0.65703125 0.22578125 0.1171875 0.1796875
0 0.3578125 0.09921875 0.090625 0.1546875
0 0.25703125 0.21484375 0.0765625 0.11953125
0 0.3234375 0.2203125 0.071875 0.125
0 0.18203125 0.21875 0.0828125 0.08984375
0 0.24609375 0.3203125 0.1015625 0.1359375
0 0.034375 0.2734375 0.065625 0.12734375
0 0.11640625 0.35703125 0.1734375 0.1328125
0 0.11171875 0.23359375 0.0828125 0.14140625
0 0.85546875 0.134375 0.0984375 0.14921875
0 0.77734375 0.29765625 0.1203125 0.1875
0 0.759375 0.1578125 0.0875 0.10859375
0 0.953125 0.15078125 0.09375 0.1796875
0 0.7875 0.040625 0.096875 0.07578125
0 0.89296875 0.0390625 0.1015625 0.0734375
0 0.6734375 0.0609375 0.090625 0.1140625
0 0.57109375 0.0828125 0.1015625 0.1546875
0 0.11328125 0.11015625 0.1078125 0.12734375
0 0.284375 0.04765625 0.1 0.08984375
0 0.203125 0.0921875 0.08125 0.146875
0 0.0296875 0.12109375 0.05625 0.12734375
0 0.43828125 0.0625 0.05625 0.08671875
0 0.45703125 0.1375 0.09375 0.08984375
0 0.496875 0.04921875 0.0484375 0.084375