0 0.40625 0.6890625 0.2171875 0.33125
0 0.79453125 0.6671875 0.1828125 0.353125
0 0.63203125 0.74296875 0.1765625 0.35859375
0 0.184375 0.7625 0.1953125 0.33671875
0 0.63359375 0.28671875 0.13125 0.20078125
0 0.5109375 0.3 0.10625 0.1875
0 0.38125 0.32890625 0.121875 0.16875
0 0.25546875 0.3625 0.1203125 0.1546875
0 0.275 0.24765625 0.09375 0.09765625
0 0.1609375 0.2421875 0.0953125 0.103125
0 0.065625 0.33125 0.1125 0.1765625
0 0.36484375 0.1234375 0.084375 0.16015625
0 0.55703125 0.0953125 0.1125 0.165625
0 0.66953125 0.071875 0.09375 0.14375
0 0.775 0.053125 0.096875 0.10625
0 0.8828125 0.05546875 0.075 0.1109375
0 0.93046875 0.23515625 0.1265625 0.20390625
0 0.7859375 0.2390625 0.1484375 0.2421875
0 0.93984375 0.54609375 0.1203125 0.2421875
0 0.08515625 0.52578125 0.128125 0.14921875
0 0.26171875 0.52421875 0.1171875 0.13046875
0 0.1828125 0.11171875 0.0765625 0.15234375
0 0.27734375 0.09375 0.1046875 0.1875
0 0.09765625 0.14140625 0.09375 0.16875