0 0.41171875 0.64296875 0.209375 0.375
0 0.6296875 0.65234375 0.1609375 0.35078125
0 0.8109375 0.60703125 0.1640625 0.3015625
0 0.66953125 0.23203125 0.1203125 0.18515625
0 0.16796875 0.70390625 0.165625 0.23359375
0 0.2515625 0.4984375 0.09375 0.14140625
0 0.0890625 0.509375 0.1453125 0.1796875
0 0.51484375 0.2421875 0.09375 0.1953125
0 0.3953125 0.27890625 0.121875 0.16875
0 0.2640625 0.24453125 0.1 0.18984375
0 0.09921875 0.27421875 0.1546875 0.20625
0 0.365625 0.084375 0.090625 0.1359375
0 0.18984375 0.08125 0.0953125 0.125
0 0.57578125 0.06640625 0.0859375 0.1328125
0 0.93828125 0.20390625 0.1234375 0.21171875
0 0.76875 0.18515625 0.0703125 0.25546875
0 0.85 0.15234375 0.0625 0.18984375
0 0.103125 0.1046875 0.1046875 0.13046875