0 0.59375 0.6890625 0.2171875 0.33125
0 0.20546875 0.6671875 0.1828125 0.353125
0 0.36796875 0.74296875 0.1765625 0.35859375
0 0.815625 0.7625 0.1953125 0.33671875
0 0.36640625 0.28671875 0.13125 0.20078125
0 0.4890625 0.3 0.10625 0.1875
0 0.61875 0.32890625 0.121875 0.16875
0 0.74453125 0.3625 0.1203125 0.1546875
0 0.725 0.24765625 0.09375 0.09765625
0 0.8390625 0.2421875 0.0953125 0.103125
0 0.934375 0.33125 0.1125 0.1765625
0 0.63515625 0.1234375 0.084375 0.16015625
0 0.44296875 0.0953125 0.1125 0.165625
0 0.33046875 0.071875 0.09375 0.14375
0 0.225 0.053125 0.096875 0.10625
0 0.1171875 0.05546875 0.075 0.1109375
0 0.06953125 0.23515625 0.1265625 0.20390625
0 0.2140625 0.2390625 0.1484375 0.2421875
0 0.06015625 0.54609375 0.1203125 0.2421875
0 0.91484375 0.52578125 0.128125 0.14921875
0 0.73828125 0.52421875 0.1171875 0.13046875
0 0.8171875 0.11171875 0.0765625 0.15234375
0 0.72265625 0.09375 0.1046875 0.1875
0 0.90234375 0.14140625 0.09375 0.16875