0 0.58359375 0.66875 0.2140625 0.39140625
0 0.8234375 0.7109375 0.209375 0.334375
0 0.915625 0.509375 0.15625 0.1984375
0 0.903125 0.31953125 0.128125 0.1546875
0 0.63984375 0.0953125 0.0796875 0.1359375
0 0.55703125 0.446875 0.0921875 0.1328125
0 0.36796875 0.7 0.1421875 0.24765625
0 0.7421875 0.50390625 0.10625 0.14375
0 0.37265625 0.4875 0.10625 0.1328125
0 0.23984375 0.43203125 0.1265625 0.14140625
0 0.190625 0.625 0.165625 0.27734375
0 0.06796875 0.45546875 0.1359375 0.19296875
0 0.6171875 0.29765625 0.128125 0.1546875
0 0.74375 0.20625 0.06875 0.11953125
0 0.859375 0.2203125 0.0828125 0.0953125
0 0.3359375 0.25234375 0.1046875 0.1578125
0 0.246875 0.165625 0.1 0.13046875
0 0.22734375 0.28125 0.1234375 0.16015625
0 0.1359375 0.13046875 0.103125 0.125
0 0.0453125 0.1453125 0.090625 0.17109375
0 0.4796875 0.25703125 0.10625 0.18515625
0 0.421875 0.071875 0.115625 0.12734375
0 0.8015625 0.08671875 0.1 0.13046875
0 0.8953125 0.12109375 0.0890625 0.1171875
0 0.71015625 0.04921875 0.0828125 0.0921875
0 0.33046875 0.0703125 0.0765625 0.10859375
0 0.11875 0.03828125 0.109375 0.0703125
0 0.96875 0.11171875 0.0625 0.1328125
0 0.54375 0.1234375 0.084375 0.0703125
0 0.56953125 0.03515625 0.08125 0.0703125