0 0.36796875 0.67109375 0.1734375 0.33125
0 0.578125 0.6859375 0.20625 0.32890625
0 0.83203125 0.69296875 0.1921875 0.31484375
0 0.91953125 0.53671875 0.1390625 0.2203125
0 0.7421875 0.5078125 0.103125 0.1359375
0 0.1796875 0.6578125 0.184375 0.28828125
0 0.06015625 0.46640625 0.1203125 0.209375
0 0.23984375 0.45234375 0.1203125 0.1546875
0 0.553125 0.45625 0.109375 0.16328125
0 0.65234375 0.48359375 0.0859375 0.1359375
0 0.6140625 0.29375 0.10625 0.16875
0 0.49140625 0.271875 0.1203125 0.16328125
0 0.34296875 0.22578125 0.1171875 0.1796875
0 0.6421875 0.09921875 0.090625 0.1546875
0 0.74296875 0.21484375 0.0765625 0.11953125
0 0.6765625 0.2203125 0.071875 0.125
0 0.81796875 0.21875 0.0828125 0.08984375
0 0.75390625 0.3203125 0.1015625 0.1359375
0 0.965625 0.2734375 0.065625 0.12734375
0 0.88359375 0.35703125 0.1734375 0.1328125
0 0.88828125 0.23359375 0.0828125 0.14140625
0 0.14453125 0.134375 0.0984375 0.14921875
0 0.22265625 0.29765625 0.1203125 0.1875
0 0.240625 0.1578125 0.0875 0.10859375
0 0.046875 0.15078125 0.09375 0.1796875
0 0.2125 0.040625 0.096875 0.07578125
0 0.10703125 0.0390625 0.1015625 0.0734375
0 0.3265625 0.0609375 0.090625 0.1140625
0 0.42890625 0.0828125 0.1015625 0.1546875
0 0.88671875 0.11015625 0.1078125 0.12734375
0 0.715625 0.04765625 0.1 0.08984375
0 0.796875 0.0921875 0.08125 0.146875
0 0.9703125 0.12109375 0.05625 0.12734375
0 0.56171875 0.0625 0.05625 0.08671875
0 0.54296875 0.1375 0.09375 0.08984375
0 0.503125 0.04921875 0.0484375 0.084375