0 0.36875 0.67109375 0.171875 0.33125
0 0.578125 0.68359375 0.20625 0.32890625
0 0.83203125 0.69296875 0.1921875 0.31484375
0 0.91953125 0.53671875 0.1390625 0.2203125
0 0.74375 0.50703125 0.103125 0.13828125
0 0.18125 0.65859375 0.184375 0.28828125
0 0.06015625 0.46640625 0.1203125 0.209375
0 0.240625 0.45234375 0.121875 0.1546875
0 0.553125 0.45625 0.109375 0.16328125
0 0.653125 0.48359375 0.0875 0.1359375
0 0.615625 0.290625 0.10625 0.16875
0 0.49140625 0.2703125 0.1203125 0.16015625
0 0.34375 0.22265625 0.11875 0.1796875
0 0.64375 0.09921875 0.090625 0.1546875
0 0.74375 0.21328125 0.078125 0.1171875
0 0.678125 0.21875 0.071875 0.125
0 0.81875 0.2171875 0.08125 0.0921875
0 0.75390625 0.31953125 0.1015625 0.13828125
0 0.965625 0.271875 0.065625 0.125
0 0.88515625 0.35625 0.1734375 0.13046875
0 0.8890625 0.23359375 0.0828125 0.14140625
0 0.14453125 0.1328125 0.0984375 0.15234375
0 0.22265625 0.29453125 0.1203125 0.1875
0 0.240625 0.1578125 0.0875 0.10859375
0 0.046875 0.15234375 0.09375 0.1796875
0 0.2125 0.040625 0.096875 0.07578125
0 0.10703125 0.0390625 0.1015625 0.0734375
0 0.3265625 0.06015625 0.090625 0.1140625
0 0.45078125 0.07890625 0.1015625 0.15234375
0 0.8875 0.10703125 0.109375 0.12734375
0 0.715625 0.04609375 0.1 0.08671875
0 0.796875 0.08984375 0.08125 0.146875
0 0.97109375 0.11953125 0.0546875 0.125
0 0.55390625 0.03359375 0.0703125 0.0671875
0 0.54296875 0.12265625 0.096875 0.084375