0 0.69453125 0.69453125 0.18125 0.31796875
0 0.65 0.33125 0.0734375 0.1359375
0 0.80390625 0.35859375 0.1140625 0.12734375
0 0.94609375 0.59921875 0.1078125 0.1796875
0 0.35625 0.49765625 0.1828125 0.23359375
0 0.56015625 0.2703125 0.1 0.1359375
0 0.43125 0.3 0.1078125 0.1875
0 0.215625 0.29765625 0.1078125 0.16328125
0 0.315625 0.3 0.08125 0.146875
0 0.6328125 0.16328125 0.0828125 0.15234375
0 0.55859375 0.125 0.09375 0.15234375
0 0.46875 0.13984375 0.0890625 0.11953125
0 0.63203125 0.0546875 0.1140625 0.0921875
0 0.83828125 0.1375 0.1046875 0.1546875
0 0.7125 0.10078125 0.084375 0.08125
0 0.38046875 0.15234375 0.0875 0.11953125
0 0.05390625 0.51328125 0.1078125 0.17421875
0 0.1734375 0.51796875 0.1328125 0.1984375
0 0.12421875 0.25390625 0.0796875 0.07578125
0 0.03984375 0.26328125 0.0703125 0.10625
0 0.11015625 0.16015625 0.0625 0.09765625
0 0.16640625 0.1546875 0.046875 0.10078125
0 0.21171875 0.16015625 0.05 0.09765625
0 0.2546875 0.15859375 0.0421875 0.09765625
0 0.05703125 0.16015625 0.0546875 0.08984375
0 0.95078125 0.30703125 0.0984375 0.23359375
0 0.9625 0.11015625 0.075 0.17109375