0 0.2578125 0.8328125 0.2796875 0.334375
0 0.91953125 0.8109375 0.1609375 0.35078125
0 0.68125 0.78671875 0.184375 0.353125
0 0.80234375 0.6359375 0.1375 0.25546875
0 0.49140625 0.84921875 0.190625 0.3015625
0 0.51484375 0.62890625 0.125 0.16015625
0 0.53984375 0.34921875 0.1328125 0.1953125
0 0.80625 0.32734375 0.1171875 0.20390625
0 0.903125 0.2921875 0.0578125 0.17421875
0 0.9625 0.334375 0.075 0.20390625
0 0.6734375 0.3546875 0.1203125 0.24453125
0 0.403125 0.36171875 0.1203125 0.1953125
0 0.27421875 0.39296875 0.128125 0.1875
0 0.13515625 0.290625 0.090625 0.1328125
0 0.04140625 0.34765625 0.0828125 0.1984375
0 0.2578125 0.15390625 0.0984375 0.20390625
0 0.46015625 0.1484375 0.1375 0.18515625
0 0.57421875 0.134375 0.109375 0.21171875
0 0.67265625 0.09921875 0.096875 0.17109375
0 0.771875 0.12734375 0.1078125 0.1765625
0 0.9265625 0.0953125 0.1453125 0.1765625
0 0.16171875 0.09765625 0.10625 0.16015625
0 0.053125 0.1359375 0.10625 0.1578125
0 0.05625 0.8 0.109375 0.353125