0 0.7421875 0.8328125 0.2796875 0.334375
0 0.08046875 0.8109375 0.1609375 0.35078125
0 0.31875 0.78671875 0.184375 0.353125
0 0.19765625 0.6359375 0.1375 0.25546875
0 0.50859375 0.84921875 0.190625 0.3015625
0 0.48515625 0.62890625 0.125 0.16015625
0 0.46015625 0.34921875 0.1328125 0.1953125
0 0.19375 0.32734375 0.1171875 0.20390625
0 0.096875 0.2921875 0.0578125 0.17421875
0 0.0375 0.334375 0.075 0.20390625
0 0.3265625 0.3546875 0.1203125 0.24453125
0 0.596875 0.36171875 0.1203125 0.1953125
0 0.72578125 0.39296875 0.128125 0.1875
0 0.86484375 0.290625 0.090625 0.1328125
0 0.95859375 0.34765625 0.0828125 0.1984375
0 0.7421875 0.15390625 0.0984375 0.20390625
0 0.53984375 0.1484375 0.1375 0.18515625
0 0.42578125 0.134375 0.109375 0.21171875
0 0.32734375 0.09921875 0.096875 0.17109375
0 0.228125 0.12734375 0.1078125 0.1765625
0 0.0734375 0.0953125 0.1453125 0.1765625
0 0.83828125 0.09765625 0.10625 0.16015625
0 0.946875 0.1359375 0.10625 0.1578125
0 0.94375 0.8 0.109375 0.353125