0 0.77890625 0.7515625 0.196875 0.3046875
0 0.675 0.32734375 0.115625 0.25546875
0 0.8109375 0.35078125 0.153125 0.25546875
0 0.52890625 0.61171875 0.128125 0.18984375
0 0.38125 0.80859375 0.2 0.3203125
0 0.13984375 0.85859375 0.2203125 0.2828125
0 0.21953125 0.6265625 0.1421875 0.18984375
0 0.30234375 0.38828125 0.11875 0.17421875
0 0.428125 0.37109375 0.1171875 0.1953125
0 0.55703125 0.32890625 0.1203125 0.2390625
0 0.19375 0.38984375 0.09375 0.18515625
0 0.08984375 0.38203125 0.1015625 0.21171875
0 0.35234375 0.17265625 0.0953125 0.16875
0 0.4609375 0.16875 0.0984375 0.14375
0 0.14921875 0.19453125 0.10625 0.12265625
0 0.05234375 0.17109375 0.1046875 0.17421875
0 0.1578125 0.0703125 0.0859375 0.12265625
0 0.94296875 0.3140625 0.1109375 0.1578125
0 0.95390625 0.55 0.0921875 0.17421875
0 0.65234375 0.58984375 0.0984375 0.20390625
0 0.65859375 0.1375 0.109375 0.13046875
0 0.5609375 0.1484375 0.090625 0.11171875
0 0.55625 0.04609375 0.08125 0.08125
0 0.69375 0.0421875 0.096875 0.084375
0 0.8046875 0.11015625 0.084375 0.1171875
0 0.95625 0.1265625 0.084375 0.125
0 0.246875 0.0546875 0.0828125 0.10859375
0 0.32890625 0.04375 0.065625 0.08671875