0 0.72109375 0.321875 0.0953125 0.1328125
0 0.49765625 0.5390625 0.1234375 0.2171875
0 0.3703125 0.56484375 0.115625 0.21484375
0 0.24296875 0.5859375 0.115625 0.18984375
0 0.03671875 0.571875 0.0734375 0.21171875
0 0.1375 0.62109375 0.1125 0.12734375
0 0.1421875 0.51328125 0.103125 0.1140625
0 0.73984375 0.5125 0.1125 0.20078125
0 0.61640625 0.5234375 0.1171875 0.23359375
0 0.82890625 0.4390625 0.0828125 0.13828125
0 0.90078125 0.51484375 0.084375 0.16328125
0 0.965625 0.4578125 0.06875 0.16875
0 0.05625 0.884375 0.1125 0.23125
0 0.86796875 0.8921875 0.2015625 0.215625
0 0.23984375 0.86796875 0.159375 0.25546875
0 0.43203125 0.9359375 0.1609375 0.12734375
0 0.59609375 0.79765625 0.1578125 0.22265625
0 0.73984375 0.78125 0.1171875 0.1984375
0 0.96328125 0.7703125 0.0734375 0.1984375
0 0.46796875 0.8 0.1125 0.12734375
0 0.3640625 0.8109375 0.0984375 0.11953125
0 0.5359375 0.33046875 0.0890625 0.14140625
0 0.621875 0.3015625 0.0796875 0.10078125
0 0.43828125 0.34921875 0.0890625 0.1140625
0 0.24609375 0.3671875 0.1 0.11171875
0 0.35859375 0.36953125 0.075 0.14375
0 0.67109375 0.21640625 0.0671875 0.0703125
0 0.60625 0.2296875 0.06875 0.08125
0 0.3546875 0.2421875 0.0421875 0.084375
0 0.4 0.25 0.0515625 0.07890625
0 0.15390625 0.37109375 0.10625 0.14375
0 0.06484375 0.37109375 0.071875 0.1171875
0 0.81484375 0.3140625 0.090625 0.165625
0 0.98046875 0.28359375 0.0390625 0.1171875
0 0.75625 0.21328125 0.0765625 0.06796875
0 0.8390625 0.20625 0.065625 0.06015625
0 0.8859375 0.2296875 0.0640625 0.103125
0 0.9390625 0.24296875 0.0375 0.06796875
0 0.93984375 0.1875 0.0375 0.05703125
0 0.98046875 0.18515625 0.0390625 0.0703125