0 0.27890625 0.321875 0.0953125 0.1328125
0 0.50234375 0.5390625 0.1234375 0.2171875
0 0.6296875 0.56484375 0.115625 0.21484375
0 0.75703125 0.5859375 0.115625 0.18984375
0 0.96328125 0.571875 0.0734375 0.21171875
0 0.8625 0.62109375 0.1125 0.12734375
0 0.8578125 0.51328125 0.103125 0.1140625
0 0.26015625 0.5125 0.1125 0.20078125
0 0.38359375 0.5234375 0.1171875 0.23359375
0 0.17109375 0.4390625 0.0828125 0.13828125
0 0.09921875 0.51484375 0.084375 0.16328125
0 0.034375 0.4578125 0.06875 0.16875
0 0.94375 0.884375 0.1125 0.23125
0 0.13203125 0.8921875 0.2015625 0.215625
0 0.76015625 0.86796875 0.159375 0.25546875
0 0.56796875 0.9359375 0.1609375 0.12734375
0 0.40390625 0.79765625 0.1578125 0.22265625
0 0.26015625 0.78125 0.1171875 0.1984375
0 0.03671875 0.7703125 0.0734375 0.1984375
0 0.53203125 0.8 0.1125 0.12734375
0 0.6359375 0.8109375 0.0984375 0.11953125
0 0.4640625 0.33046875 0.0890625 0.14140625
0 0.378125 0.3015625 0.0796875 0.10078125
0 0.56171875 0.34921875 0.0890625 0.1140625
0 0.75390625 0.3671875 0.1 0.11171875
0 0.64140625 0.36953125 0.075 0.14375
0 0.32890625 0.21640625 0.0671875 0.0703125
0 0.39375 0.2296875 0.06875 0.08125
0 0.6453125 0.2421875 0.0421875 0.084375
0 0.6 0.25 0.0515625 0.07890625
0 0.84609375 0.37109375 0.10625 0.14375
0 0.93515625 0.37109375 0.071875 0.1171875
0 0.18515625 0.3140625 0.090625 0.165625
0 0.01953125 0.28359375 0.0390625 0.1171875
0 0.24375 0.21328125 0.0765625 0.06796875
0 0.1609375 0.20625 0.065625 0.06015625
0 0.1140625 0.2296875 0.0640625 0.103125
0 0.0609375 0.24296875 0.0375 0.06796875
0 0.06015625 0.1875 0.0375 0.05703125
0 0.01953125 0.18515625 0.0390625 0.0703125