0 0.86015625 0.8734375 0.215625 0.25234375
0 0.60390625 0.8015625 0.1546875 0.1984375
0 0.74296875 0.7484375 0.1234375 0.10859375
0 0.7203125 0.90078125 0.1015625 0.1984375
0 0.48046875 0.80859375 0.128125 0.103125
0 0.4953125 0.92890625 0.175 0.1421875
0 0.28203125 0.90703125 0.1671875 0.1859375
0 0.04609375 0.9125 0.0921875 0.175
0 0.1640625 0.8125 0.0921875 0.14375
0 0.384375 0.5609375 0.1 0.1796875
0 0.23203125 0.5921875 0.096875 0.13828125
0 0.5109375 0.54375 0.10625 0.21171875
0 0.89765625 0.5203125 0.0953125 0.18203125
0 0.96953125 0.47421875 0.0609375 0.1578125
0 0.82421875 0.43984375 0.078125 0.1140625
0 0.74375 0.521875 0.1078125 0.1875
0 0.615625 0.54453125 0.090625 0.18203125
0 0.68203125 0.43359375 0.0703125 0.103125
0 0.04453125 0.5296875 0.0828125 0.09765625
0 0.14453125 0.51640625 0.1078125 0.103125
0 0.23671875 0.37890625 0.0765625 0.1140625
0 0.4390625 0.35703125 0.0890625 0.11953125
0 0.534375 0.3328125 0.0875 0.13828125
0 0.640625 0.32578125 0.0859375 0.10859375
0 0.72890625 0.33828125 0.084375 0.07578125
0 0.04765625 0.37734375 0.0953125 0.1359375
0 0.16640625 0.31015625 0.0890625 0.08671875
0 0.32421875 0.25703125 0.0609375 0.08671875
0 0.39375 0.2421875 0.05 0.07578125
0 0.47890625 0.2421875 0.053125 0.0734375
0 0.66796875 0.21875 0.078125 0.08125
0 0.8484375 0.26328125 0.0546875 0.084375
0 0.7578125 0.22109375 0.0875 0.08671875
0 0.95234375 0.25703125 0.065625 0.08671875
0 0.25625 0.25390625 0.065625 0.08984375
0 0.09609375 0.26796875 0.0734375 0.0921875
0 0.03046875 0.25390625 0.0609375 0.10078125