0 0.365625 0.83515625 0.246875 0.3296875
0 0.63671875 0.4265625 0.1125 0.18984375
0 0.5703125 0.6796875 0.14375 0.1328125
0 0.071875 0.6890625 0.14375 0.1359375
0 0.9640625 0.82734375 0.071875 0.3453125
0 0.73203125 0.70078125 0.1671875 0.20078125
0 0.89296875 0.7109375 0.1453125 0.26640625
0 0.14296875 0.8234375 0.1671875 0.26640625
0 0.50390625 0.43046875 0.0984375 0.16875
0 0.3796875 0.43203125 0.0578125 0.146875
0 0.4296875 0.4171875 0.053125 0.10625
0 0.73203125 0.3640625 0.0671875 0.10859375
0 0.8140625 0.38203125 0.0953125 0.20390625
0 0.06953125 0.4453125 0.1 0.1796875
0 0.165625 0.384375 0.084375 0.1171875
0 0.25234375 0.3671875 0.059375 0.1140625
0 0.31875 0.40390625 0.053125 0.1546875
0 0.9703125 0.35703125 0.059375 0.10859375
0 0.90234375 0.4171875 0.078125 0.1984375
0 0.86484375 0.23203125 0.0890625 0.103125
0 0.75078125 0.209375 0.103125 0.13046875
0 0.6515625 0.22421875 0.0859375 0.13046875
0 0.56328125 0.24609375 0.078125 0.09765625
0 0.3625 0.24609375 0.0859375 0.13046875
0 0.4421875 0.1953125 0.0609375 0.084375
0 0.18671875 0.24609375 0.0984375 0.1140625
0 0.2828125 0.23515625 0.078125 0.13828125
0 0.09921875 0.2421875 0.06875 0.08984375
0 0.37265625 0.15078125 0.078125 0.084375
0 0.79765625 0.09609375 0.0609375 0.08125
0 0.72734375 0.1046875 0.071875 0.0921875
0 0.89375 0.1140625 0.1015625 0.09765625
0 0.9375 0.03828125 0.0953125 0.07578125
0 0.03046875 0.2515625 0.0609375 0.0953125
0 0.978125 0.1640625 0.04375 0.10859375
0 0.5171875 0.146875 0.0625 0.10859375
0 0.65390625 0.1234375 0.08125 0.07578125
0 0.58515625 0.12890625 0.0546875 0.08125