0 0.6 0.47265625 0.0984375 0.209375
0 0.71328125 0.46171875 0.10625 0.20390625
0 0.84296875 0.46328125 0.1265625 0.23671875
0 0.95 0.44296875 0.1 0.23359375
0 0.925 0.85703125 0.15 0.2796875
0 0.33203125 0.865625 0.240625 0.26875
0 0.4984375 0.90859375 0.084375 0.17421875
0 0.54609375 0.73515625 0.0984375 0.165625
0 0.68671875 0.7375 0.1453125 0.1984375
0 0.70234375 0.921875 0.1578125 0.15234375
0 0.84453125 0.7390625 0.121875 0.1875
0 0.12421875 0.8734375 0.165625 0.25234375
0 0.06640625 0.70625 0.1328125 0.125
0 0.05390625 0.5109375 0.1078125 0.16015625
0 0.47421875 0.4765625 0.1125 0.1875
0 0.3421875 0.51796875 0.115625 0.13828125
0 0.21640625 0.553125 0.1578125 0.1546875
0 0.228125 0.425 0.1234375 0.12265625
0 0.3375 0.3125 0.09375 0.146875
0 0.5171875 0.27734375 0.0890625 0.146875
0 0.62109375 0.26484375 0.0828125 0.1328125
0 0.82109375 0.25390625 0.0984375 0.16015625
0 0.7203125 0.25703125 0.0875 0.10625
0 0.4296875 0.25 0.0890625 0.08984375
0 0.11484375 0.30703125 0.0578125 0.1171875
0 0.18046875 0.2890625 0.06875 0.1140625
0 0.26640625 0.25 0.078125 0.09765625
0 0.9640625 0.23515625 0.071875 0.1765625
0 0.76328125 0.14921875 0.0625 0.084375
0 0.69609375 0.16015625 0.0640625 0.084375
0 0.2 0.18515625 0.065625 0.0921875
0 0.3421875 0.18515625 0.0828125 0.11171875
0 0.04296875 0.290625 0.0859375 0.09765625
0 0.6203125 0.17265625 0.096875 0.06796875
0 0.4890625 0.175 0.0828125 0.0953125