0 0.42109375 0.72421875 0.2203125 0.35625
0 0.2046875 0.725 0.1765625 0.3046875
0 0.546875 0.321875 0.09375 0.1984375
0 0.67890625 0.3140625 0.1140625 0.21171875
0 0.78125 0.2390625 0.075 0.10859375
0 0.91484375 0.23359375 0.1 0.12265625
0 0.07265625 0.57578125 0.1453125 0.22265625
0 0.5921875 0.72109375 0.1140625 0.20625
0 0.821875 0.71328125 0.1453125 0.2828125
0 0.946875 0.603125 0.10625 0.1953125
0 0.671875 0.575 0.0921875 0.1546875
0 0.42421875 0.34140625 0.1 0.1546875
0 0.9390625 0.365625 0.121875 0.11953125
0 0.321875 0.28359375 0.1 0.1171875
0 0.71796875 0.11171875 0.0984375 0.14375
0 0.82265625 0.0859375 0.103125 0.12265625
0 0.93671875 0.1015625 0.096875 0.12734375
0 0.615625 0.1234375 0.090625 0.14921875
0 0.53671875 0.1234375 0.0609375 0.13828125
0 0.4859375 0.1046875 0.059375 0.09765625
0 0.4140625 0.15234375 0.084375 0.14375
0 0.3328125 0.1234375 0.0828125 0.1546875
0 0.2578125 0.14375 0.071875 0.12734375
0 0.1796875 0.15234375 0.0734375 0.13828125
0 0.1015625 0.15078125 0.0734375 0.125
0 0.03203125 0.16875 0.0640625 0.1359375
0 0.03203125 0.34140625 0.0640625 0.16328125
0 0.12578125 0.35859375 0.1078125 0.1953125
0 0.22890625 0.31015625 0.0984375 0.20625