0 0.57890625 0.72421875 0.2203125 0.35625
0 0.7953125 0.725 0.1765625 0.3046875
0 0.453125 0.321875 0.09375 0.1984375
0 0.32109375 0.3140625 0.1140625 0.21171875
0 0.21875 0.2390625 0.075 0.10859375
0 0.08515625 0.23359375 0.1 0.12265625
0 0.92734375 0.57578125 0.1453125 0.22265625
0 0.4078125 0.72109375 0.1140625 0.20625
0 0.178125 0.71328125 0.1453125 0.2828125
0 0.053125 0.603125 0.10625 0.1953125
0 0.328125 0.575 0.0921875 0.1546875
0 0.57578125 0.34140625 0.1 0.1546875
0 0.0609375 0.365625 0.121875 0.11953125
0 0.678125 0.28359375 0.1 0.1171875
0 0.28203125 0.11171875 0.0984375 0.14375
0 0.17734375 0.0859375 0.103125 0.12265625
0 0.06328125 0.1015625 0.096875 0.12734375
0 0.384375 0.1234375 0.090625 0.14921875
0 0.46328125 0.1234375 0.0609375 0.13828125
0 0.5140625 0.1046875 0.059375 0.09765625
0 0.5859375 0.15234375 0.084375 0.14375
0 0.6671875 0.1234375 0.0828125 0.1546875
0 0.7421875 0.14375 0.071875 0.12734375
0 0.8203125 0.15234375 0.0734375 0.13828125
0 0.8984375 0.15078125 0.0734375 0.125
0 0.96796875 0.16875 0.0640625 0.1359375
0 0.96796875 0.34140625 0.0640625 0.16328125
0 0.87421875 0.35859375 0.1078125 0.1953125
0 0.77109375 0.31015625 0.0984375 0.20625