0 0.38828125 0.5421875 0.284375 0.4375
0 0.65859375 0.5296875 0.2359375 0.39375
0 0.828125 0.3046875 0.1828125 0.25546875
0 0.440625 0.1046875 0.1375 0.209375
0 0.28359375 0.10625 0.134375 0.21171875
0 0.121875 0.4046875 0.1765625 0.165625
0 0.115625 0.615625 0.1546875 0.29375
0 0.94765625 0.4171875 0.1015625 0.33984375
0 0.10234375 0.11796875 0.1453125 0.2359375
0 0.54609375 0.05703125 0.1234375 0.1140625
0 0.890625 0.05546875 0.134375 0.1109375
0 0.771875 0.08671875 0.09375 0.1734375
0 0.675 0.08671875 0.0875 0.1734375