0 0.61171875 0.5421875 0.284375 0.4375
0 0.34140625 0.5296875 0.2359375 0.39375
0 0.171875 0.3046875 0.1828125 0.25546875
0 0.559375 0.1046875 0.1375 0.209375
0 0.71640625 0.10625 0.134375 0.21171875
0 0.878125 0.4046875 0.1765625 0.165625
0 0.884375 0.615625 0.1546875 0.29375
0 0.05234375 0.4171875 0.1015625 0.33984375
0 0.89765625 0.11796875 0.1453125 0.2359375
0 0.45390625 0.05703125 0.1234375 0.1140625
0 0.109375 0.05546875 0.134375 0.1109375
0 0.228125 0.08671875 0.09375 0.1734375
0 0.325 0.08671875 0.0875 0.1734375