0 0.33828125 0.60859375 0.25 0.42109375
0 0.0765625 0.1640625 0.1125 0.209375
0 0.26015625 0.14296875 0.109375 0.23671875
0 0.43203125 0.13046875 0.096875 0.1796875
0 0.51484375 0.06796875 0.0796875 0.1359375
0 0.5828125 0.05859375 0.0671875 0.1171875
0 0.64765625 0.05546875 0.0828125 0.1109375
0 0.70625 0.0515625 0.08125 0.103125
0 0.95546875 0.0421875 0.0890625 0.084375
0 0.6015625 0.5734375 0.2296875 0.39375
0 0.78125 0.38046875 0.146875 0.26328125
0 0.925 0.47109375 0.15 0.45390625
0 0.07265625 0.45078125 0.1453125 0.1796875
0 0.125 0.62890625 0.1375 0.3125
0 0.78828125 0.06953125 0.090625 0.1328125
0 0.865625 0.08984375 0.0703125 0.16875