0 0.35234375 0.5625 0.2890625 0.4671875
0 0.65625 0.53359375 0.24375 0.37734375
0 0.80234375 0.31015625 0.21875 0.24453125
0 0.94375 0.4140625 0.1125 0.36953125
0 0.06015625 0.425 0.1203125 0.165625
0 0.1453125 0.63046875 0.115625 0.25234375
0 0.2078125 0.396875 0.1265625 0.1328125
0 0.059375 0.1328125 0.11875 0.2390625
0 0.42890625 0.09921875 0.071875 0.165625
0 0.2578125 0.1015625 0.10625 0.203125
0 0.73984375 0.08125 0.1109375 0.1578125
0 0.571875 0.1359375 0.109375 0.12265625
0 0.55859375 0.03515625 0.0796875 0.0703125
0 0.6421875 0.03359375 0.08125 0.0671875
0 0.84140625 0.09921875 0.090625 0.146875
0 0.15546875 0.08125 0.0796875 0.1625