0 0.090625 0.18203125 0.1296875 0.2203125
0 0.36171875 0.6578125 0.2203125 0.4265625
0 0.0921875 0.46328125 0.1453125 0.21171875
0 0.22265625 0.47421875 0.1234375 0.20625
0 0.6453125 0.63046875 0.20625 0.3828125
0 0.50390625 0.40078125 0.1265625 0.1984375
0 0.7953125 0.425 0.2078125 0.29609375
0 0.26953125 0.14765625 0.128125 0.24765625
0 0.453125 0.1578125 0.1125 0.15234375
0 0.37109375 0.15859375 0.059375 0.1578125
0 0.55859375 0.08046875 0.1015625 0.12734375
0 0.58203125 0.196875 0.11875 0.13828125
0 0.66328125 0.10078125 0.090625 0.14140625
0 0.7625 0.0796875 0.109375 0.125
0 0.721875 0.2 0.1265625 0.103125
0 0.840625 0.1671875 0.1140625 0.18984375
0 0.94140625 0.09140625 0.1046875 0.10859375
0 0.93984375 0.5109375 0.1140625 0.4296875