0 0.909375 0.18203125 0.1296875 0.2203125
0 0.63828125 0.6578125 0.2203125 0.4265625
0 0.9078125 0.46328125 0.1453125 0.21171875
0 0.77734375 0.47421875 0.1234375 0.20625
0 0.3546875 0.63046875 0.20625 0.3828125
0 0.49609375 0.40078125 0.1265625 0.1984375
0 0.2046875 0.425 0.2078125 0.29609375
0 0.73046875 0.14765625 0.128125 0.24765625
0 0.546875 0.1578125 0.1125 0.15234375
0 0.62890625 0.15859375 0.059375 0.1578125
0 0.44140625 0.08046875 0.1015625 0.12734375
0 0.41796875 0.196875 0.11875 0.13828125
0 0.33671875 0.10078125 0.090625 0.14140625
0 0.2375 0.0796875 0.109375 0.125
0 0.278125 0.2 0.1265625 0.103125
0 0.159375 0.1671875 0.1140625 0.18984375
0 0.05859375 0.09140625 0.1046875 0.10859375
0 0.06015625 0.5109375 0.1140625 0.4296875