2 0.10625 0.75859375 0.14453125 0.09609375
2 0.665625 0.7265625 0.15078125 0.1875
2 0.90546875 0.753125 0.13671875 0.13671875
2 0.7015625 0.9578125 0.1296875 0.084375
2 0.91484375 0.9125 0.14453125 0.1328125
2 0.64296875 0.5703125 0.09375 0.071875
2 0.790625 0.54375 0.1015625 0.09140625
2 0.7609375 0.46328125 0.121875 0.071875
2 0.621875 0.4953125 0.08828125 0.0625
2 0.61953125 0.43828125 0.0859375 0.0703125
2 0.70234375 0.36015625 0.09140625 0.06484375
2 0.73515625 0.40703125 0.07890625 0.04296875
2 0.59609375 0.38515625 0.0765625 0.04375
2 0.57890625 0.34765625 0.06484375 0.0453125
2 0.58125 0.309375 0.071875 0.04609375
2 0.16640625 0.5671875 0.09921875 0.0671875
2 0.09609375 0.40859375 0.0765625 0.0625
2 0.28515625 0.325 0.09140625 0.07734375
2 0.2109375 0.50390625 0.09921875 0.06796875
2 0.246875 0.440625 0.08828125 0.059375
2 0.278125 0.3875 0.1015625 0.0546875
2 0.8515625 0.6328125 0.1109375 0.08828125
2 0.1953125 0.2671875 0.07890625 0.0625
2 0.9734375 0.34765625 0.053125 0.084375
2 0.175 0.3359375 0.08828125 0.06796875
2 0.11171875 0.3640625 0.06796875 0.05234375
2 0.928125 0.3203125 0.0484375 0.034375
2 0.24453125 0.22421875 0.0625 0.06796875
2 0.22421875 0.18203125 0.0453125 0.03125
2 0.62265625 0.2078125 0.0625 0.0546875
2 0.79375 0.1953125 0.0453125 0.05078125
2 0.33046875 0.1953125 0.059375 0.06015625
2 0.5375 0.209375 0.06796875 0.07421875
2 0.9359375 0.23359375 0.0546875 0.0546875
2 0.53046875 0.16015625 0.05234375 0.03125
2 0.86875 0.25625 0.08203125 0.0796875
2 0.84609375 0.209375 0.07890625 0.05078125
2 0.59765625 0.1546875 0.059375 0.05703125
2 0.2609375 0.14140625 0.059375 0.0671875
2 0.50390625 0.134375 0.0546875 0.034375
2 0.76875 0.1703125 0.0453125 0.0484375
2 0.0203125 0.2375 0.03828125 0.0671875
2 0.0515625 0.20703125 0.06796875 0.053125
2 0.05234375 0.1328125 0.0390625 0.04296875
2 0.33828125 0.1453125 0.05703125 0.0359375
2 0.8875 0.18828125 0.08671875 0.03828125
2 0.09765625 0.1546875 0.059375 0.03828125
2 0.19765625 0.0328125 0.075 0.04296875
2 0.340625 0.11171875 0.0390625 0.03359375
2 0.28125 0.09296875 0.0578125 0.034375
2 0.48203125 0.10546875 0.0546875 0.0234375
2 0.559375 0.11953125 0.04609375 0.03046875
2 0.5390625 0.08828125 0.0578125 0.03125
2 0.35 0.084375 0.04296875 0.0234375
2 0.475 0.08203125 0.04296875 0.028125
2 0.30390625 0.065625 0.04296875 0.02421875
2 0.31875 0.04609375 0.03125 0.02109375
2 0.35390625 0.06328125 0.03359375 0.021875
2 0.35390625 0.0421875 0.03203125 0.0171875
2 0.3515625 0.02421875 0.04296875 0.01875
2 0.50625 0.06328125 0.040625 0.02421875
2 0.46484375 0.065625 0.04296875 0.02578125
2 0.159375 0.65078125 0.0578125 0.07421875
2 0.01875 0.1734375 0.034375 0.03203125
2 0.0203125 0.0484375 0.03828125 0.053125
2 0.09296875 0.090625 0.06015625 0.040625
2 0.1296875 0.1234375 0.0671875 0.040625
2 0.15546875 0.09375 0.06796875 0.034375
2 0.13515625 0.028125 0.05703125 0.03828125
2 0.16953125 0.065625 0.06796875 0.03203125
2 0.75078125 0.1171875 0.03125 0.03125
2 0.80859375 0.15546875 0.02421875 0.028125
2 0.72890625 0.10234375 0.03125 0.0265625
2 0.659375 0.0609375 0.03203125 0.03359375
2 0.70859375 0.0875 0.03671875 0.02421875
2 0.62265625 0.06953125 0.02109375 0.0234375
2 0.621875 0.04140625 0.02421875 0.01875
2 0.60078125 0.05625 0.03671875 0.0265625
2 0.71328125 0.14140625 0.034375 0.03203125
2 0.67734375 0.2984375 0.04296875 0.0390625
2 0.57734375 0.03671875 0.034375 0.01953125
2 0.6015625 0.02890625 0.03125 0.0234375
2 0.54609375 0.025 0.03046875 0.0265625
2 0.5671875 0.0140625 0.0390625 0.0234375
2 0.53125 0.0125 0.03046875 0.01875
2 0.50078125 0.01015625 0.028125 0.01484375
2 0.4140625 0.009375 0.0234375 0.01640625
2 0.490625 0.040625 0.0390625 0.0140625
2 0.4484375 0.04296875 0.03828125 0.02109375
2 0.48203125 0.02421875 0.04296875 0.01640625
2 0.446875 0.00546875 0.034375 0.009375
2 0.46640625 0.0140625 0.03046875 0.01171875
2 0.4421875 0.03046875 0.03203125 0.01171875
2 0.43515625 0.01875 0.028125 0.01484375
2 0.69296875 0.11875 0.03828125 0.02421875
2 0.6609375 0.1125 0.028125 0.0265625
2 0.65859375 0.08828125 0.02578125 0.01953125
2 0.64140625 0.0796875 0.02109375 0.028125