2 0.89375 0.75859375 0.14453125 0.09609375
2 0.334375 0.7265625 0.15078125 0.1875
2 0.09453125 0.753125 0.13671875 0.13671875
2 0.2984375 0.9578125 0.1296875 0.084375
2 0.08515625 0.9125 0.14453125 0.1328125
2 0.35703125 0.5703125 0.09375 0.071875
2 0.209375 0.54375 0.1015625 0.09140625
2 0.2390625 0.46328125 0.121875 0.071875
2 0.378125 0.4953125 0.08828125 0.0625
2 0.38046875 0.43828125 0.0859375 0.0703125
2 0.29765625 0.36015625 0.09140625 0.06484375
2 0.26484375 0.40703125 0.07890625 0.04296875
2 0.40390625 0.38515625 0.0765625 0.04375
2 0.42109375 0.34765625 0.06484375 0.0453125
2 0.41875 0.309375 0.071875 0.04609375
2 0.83359375 0.5671875 0.09921875 0.0671875
2 0.90390625 0.40859375 0.0765625 0.0625
2 0.71484375 0.325 0.09140625 0.07734375
2 0.7890625 0.50390625 0.09921875 0.06796875
2 0.753125 0.440625 0.08828125 0.059375
2 0.721875 0.3875 0.1015625 0.0546875
2 0.1484375 0.6328125 0.1109375 0.08828125
2 0.8046875 0.2671875 0.07890625 0.0625
2 0.0265625 0.34765625 0.053125 0.084375
2 0.825 0.3359375 0.08828125 0.06796875
2 0.88828125 0.3640625 0.06796875 0.05234375
2 0.071875 0.3203125 0.0484375 0.034375
2 0.75546875 0.22421875 0.0625 0.06796875
2 0.77578125 0.18203125 0.0453125 0.03125
2 0.37734375 0.2078125 0.0625 0.0546875
2 0.20625 0.1953125 0.0453125 0.05078125
2 0.66953125 0.1953125 0.059375 0.06015625
2 0.4625 0.209375 0.06796875 0.07421875
2 0.0640625 0.23359375 0.0546875 0.0546875
2 0.46953125 0.16015625 0.05234375 0.03125
2 0.13125 0.25625 0.08203125 0.0796875
2 0.15390625 0.209375 0.07890625 0.05078125
2 0.40234375 0.1546875 0.059375 0.05703125
2 0.7390625 0.14140625 0.059375 0.0671875
2 0.49609375 0.134375 0.0546875 0.034375
2 0.23125 0.1703125 0.0453125 0.0484375
2 0.9796875 0.2375 0.03828125 0.0671875
2 0.9484375 0.20703125 0.06796875 0.053125
2 0.94765625 0.1328125 0.0390625 0.04296875
2 0.66171875 0.1453125 0.05703125 0.0359375
2 0.1125 0.18828125 0.08671875 0.03828125
2 0.90234375 0.1546875 0.059375 0.03828125
2 0.80234375 0.0328125 0.075 0.04296875
2 0.659375 0.11171875 0.0390625 0.03359375
2 0.71875 0.09296875 0.0578125 0.034375
2 0.51796875 0.10546875 0.0546875 0.0234375
2 0.440625 0.11953125 0.04609375 0.03046875
2 0.4609375 0.08828125 0.0578125 0.03125
2 0.65 0.084375 0.04296875 0.0234375
2 0.525 0.08203125 0.04296875 0.028125
2 0.69609375 0.065625 0.04296875 0.02421875
2 0.68125 0.04609375 0.03125 0.02109375
2 0.64609375 0.06328125 0.03359375 0.021875
2 0.64609375 0.0421875 0.03203125 0.0171875
2 0.6484375 0.02421875 0.04296875 0.01875
2 0.49375 0.06328125 0.040625 0.02421875
2 0.53515625 0.065625 0.04296875 0.02578125
2 0.840625 0.65078125 0.0578125 0.07421875
2 0.98125 0.1734375 0.034375 0.03203125
2 0.9796875 0.0484375 0.03828125 0.053125
2 0.90703125 0.090625 0.06015625 0.040625
2 0.8703125 0.1234375 0.0671875 0.040625
2 0.84453125 0.09375 0.06796875 0.034375
2 0.86484375 0.028125 0.05703125 0.03828125
2 0.83046875 0.065625 0.06796875 0.03203125
2 0.24921875 0.1171875 0.03125 0.03125
2 0.19140625 0.15546875 0.02421875 0.028125
2 0.27109375 0.10234375 0.03125 0.0265625
2 0.340625 0.0609375 0.03203125 0.03359375
2 0.29140625 0.0875 0.03671875 0.02421875
2 0.37734375 0.06953125 0.02109375 0.0234375
2 0.378125 0.04140625 0.02421875 0.01875
2 0.39921875 0.05625 0.03671875 0.0265625
2 0.28671875 0.14140625 0.034375 0.03203125
2 0.32265625 0.2984375 0.04296875 0.0390625
2 0.42265625 0.03671875 0.034375 0.01953125
2 0.3984375 0.02890625 0.03125 0.0234375
2 0.45390625 0.025 0.03046875 0.0265625
2 0.4328125 0.0140625 0.0390625 0.0234375
2 0.46875 0.0125 0.03046875 0.01875
2 0.49921875 0.01015625 0.028125 0.01484375
2 0.5859375 0.009375 0.0234375 0.01640625
2 0.509375 0.040625 0.0390625 0.0140625
2 0.5515625 0.04296875 0.03828125 0.02109375
2 0.51796875 0.02421875 0.04296875 0.01640625
2 0.553125 0.00546875 0.034375 0.009375
2 0.53359375 0.0140625 0.03046875 0.01171875
2 0.5578125 0.03046875 0.03203125 0.01171875
2 0.56484375 0.01875 0.028125 0.01484375
2 0.30703125 0.11875 0.03828125 0.02421875
2 0.3390625 0.1125 0.028125 0.0265625
2 0.34140625 0.08828125 0.02578125 0.01953125
2 0.35859375 0.0796875 0.02109375 0.028125