2 0.309375 0.60703125 0.16640625 0.10546875
2 0.09765625 0.61015625 0.19296875 0.17109375
2 0.18203125 0.696875 0.19765625 0.09921875
2 0.146875 0.8375 0.29140625 0.184375
2 0.52265625 0.609375 0.2046875 0.15625
2 0.4609375 0.7015625 0.21328125 0.1015625
2 0.490625 0.86328125 0.34921875 0.23359375
2 0.84609375 0.8390625 0.30078125 0.221875
2 0.7546875 0.70546875 0.1296875 0.1078125
2 0.8171875 0.6296875 0.12265625 0.09921875
2 0.090625 0.46640625 0.096875 0.07421875
2 0.0453125 0.4046875 0.06953125 0.04296875
2 0.84453125 0.49375 0.134375 0.03359375
2 0.69140625 0.49453125 0.1515625 0.0890625
2 0.26328125 0.47734375 0.09375 0.06796875
2 0.184375 0.45390625 0.07421875 0.06015625
2 0.284375 0.4140625 0.065625 0.05078125
2 0.1703125 0.4046875 0.0859375 0.03828125
2 0.43984375 0.48359375 0.096875 0.0703125
2 0.36796875 0.465625 0.0578125 0.0578125
2 0.534375 0.48046875 0.075 0.071875
2 0.84375 0.4421875 0.1109375 0.0625
2 0.7109375 0.4421875 0.11328125 0.0625
2 0.60546875 0.421875 0.08828125 0.05
2 0.87734375 0.39375 0.0578125 0.03359375
2 0.80703125 0.39140625 0.06796875 0.0484375
2 0.7078125 0.39375 0.0546875 0.03359375
2 0.7390625 0.37890625 0.04296875 0.04296875
2 0.66171875 0.378125 0.04296875 0.0359375
2 0.9453125 0.38984375 0.06484375 0.0453125
2 0.11640625 0.36875 0.05703125 0.03359375
2 0.49453125 0.37890625 0.07265625 0.0453125
2 0.37578125 0.36875 0.0390625 0.04296875
2 0.3359375 0.36328125 0.040625 0.04375
2 0.059375 0.3609375 0.0625 0.03671875
2 0.61171875 0.3890625 0.059375 0.03046875
2 0.92109375 0.35625 0.084375 0.040625
2 0.26640625 0.3265625 0.04609375 0.0234375
2 0.31640625 0.33125 0.04765625 0.028125
2 0.16640625 0.346875 0.03671875 0.03671875
2 0.4296875 0.3734375 0.0546875 0.04765625
2 0.290625 0.36484375 0.05078125 0.04140625
2 0.246875 0.35625 0.04140625 0.03125
2 0.2109375 0.37421875 0.03359375 0.02578125
2 0.23359375 0.396875 0.04296875 0.028125
2 0.36015625 0.40703125 0.0484375 0.03359375
2 0.4921875 0.41796875 0.0625 0.0390625
2 0.425 0.4234375 0.06796875 0.03671875
2 0.36953125 0.3328125 0.0578125 0.0265625
2 0.19921875 0.33359375 0.05078125 0.034375
2 0.46875 0.3359375 0.03671875 0.02421875
2 0.60859375 0.340625 0.0453125 0.028125
2 0.84296875 0.34921875 0.0671875 0.0390625
2 0.68984375 0.35625 0.04140625 0.0265625
2 0.55546875 0.3640625 0.04375 0.0359375
2 0.54453125 0.33359375 0.05703125 0.02890625
2 0.23671875 0.30546875 0.03359375 0.02109375
2 0.32265625 0.309375 0.03359375 0.021875
2 0.35625 0.30234375 0.03203125 0.01640625
2 0.278125 0.30859375 0.02890625 0.01484375
2 0.55546875 0.29609375 0.03046875 0.0171875
2 0.59296875 0.296875 0.03359375 0.01953125
2 0.7421875 0.3015625 0.0359375 0.02421875
2 0.70625 0.29765625 0.02421875 0.01953125
2 0.784375 0.3046875 0.02421875 0.02109375
2 0.81640625 0.30390625 0.0265625 0.01953125
2 0.81953125 0.31875 0.03046875 0.0171875
2 0.74140625 0.3171875 0.03125 0.01875
2 0.62578125 0.296875 0.0265625 0.0171875
2 0.665625 0.3375 0.05078125 0.0171875
2 0.78203125 0.31875 0.02890625 0.01484375
2 0.621875 0.3609375 0.040625 0.0234375
2 0.58984375 0.3625 0.02890625 0.02421875
2 0.4390625 0.33515625 0.0265625 0.01953125
2 0.4125 0.3359375 0.03125 0.02109375
2 0.4109375 0.32265625 0.0234375 0.02109375
2 0.43203125 0.3109375 0.03046875 0.021875
2 0.4859375 0.29609375 0.028125 0.0171875
2 0.015625 0.33671875 0.02890625 0.028125
2 0.0484375 0.32734375 0.028125 0.02109375
2 0.11796875 0.30078125 0.02109375 0.01875
2 0.18359375 0.28984375 0.0265625 0.021875
2 0.09375 0.31796875 0.04140625 0.01875
2 0.4546875 0.29609375 0.03046875 0.01875
2 0.4609375 0.31328125 0.028125 0.01875
2 0.4875 0.309375 0.02421875 0.0140625
2 0.784375 0.34296875 0.02109375 0.02890625
2 0.76953125 0.3609375 0.04140625 0.028125
2 0.74609375 0.34453125 0.02890625 0.0234375
2 0.66640625 0.31796875 0.04609375 0.0171875
2 0.61953125 0.3171875 0.03671875 0.01640625
2 0.5765625 0.31640625 0.04140625 0.01953125
2 0.70859375 0.3203125 0.03046875 0.02109375
2 0.72109375 0.33984375 0.03203125 0.01953125
2 0.9828125 0.36796875 0.034375 0.0296875
2 0.9453125 0.44296875 0.06796875 0.0578125
2 0.9875 0.4125 0.02421875 0.02890625
2 0.91328125 0.52734375 0.11796875 0.04765625
2 0.00859375 0.43828125 0.01484375 0.02109375
2 0.134375 0.3359375 0.03671875 0.0234375
2 0.09375 0.33984375 0.04140625 0.021875
2 0.140625 0.31484375 0.03359375 0.02109375
2 0.3828125 0.309375 0.03203125 0.01484375
2 0.65703125 0.2984375 0.03046875 0.0140625
2 0.4140625 0.290625 0.02890625 0.01875
2 0.34296875 0.28671875 0.03671875 0.01484375
2 0.4984375 0.33671875 0.0359375 0.034375
2 0.5234375 0.31171875 0.040625 0.01953125
2 0.29375 0.29296875 0.02890625 0.0140625
2 0.2140625 0.2890625 0.02578125 0.0171875
2 0.2078125 0.3078125 0.03125 0.01640625
2 0.175 0.31328125 0.0234375 0.02578125
2 0.2390625 0.2859375 0.021875 0.01875
2 0.2625 0.284375 0.02578125 0.02109375
2 0.29140625 0.278125 0.02578125 0.01484375
2 0.3203125 0.28125 0.02578125 0.01640625
2 0.46171875 0.2828125 0.02578125 0.0125
2 0.49375 0.28203125 0.02421875 0.0125
2 0.75546875 0.28046875 0.02421875 0.0171875
2 0.728125 0.27890625 0.028125 0.02109375
2 0.7890625 0.28828125 0.02109375 0.009375
2 0.7046875 0.278125 0.02109375 0.0234375
2 0.60390625 0.28203125 0.0265625 0.0125
2 0.63046875 0.2796875 0.0234375 0.01484375
2 0.559375 0.2765625 0.0265625 0.01640625
2 0.68203125 0.2734375 0.02578125 0.02109375
2 0.659375 0.28203125 0.0234375 0.01640625
2 0.38046875 0.28671875 0.03125 0.01953125
2 0.58203125 0.2734375 0.01875 0.01484375
2 0.4296875 0.2796875 0.021875 0.0171875
2 0.40078125 0.2765625 0.02421875 0.01640625