2 0.690625 0.60703125 0.16640625 0.10546875
2 0.90234375 0.61015625 0.19296875 0.17109375
2 0.81796875 0.696875 0.19765625 0.09921875
2 0.853125 0.8375 0.29140625 0.184375
2 0.47734375 0.609375 0.2046875 0.15625
2 0.5390625 0.7015625 0.21328125 0.1015625
2 0.509375 0.86328125 0.34921875 0.23359375
2 0.15390625 0.8390625 0.30078125 0.221875
2 0.2453125 0.70546875 0.1296875 0.1078125
2 0.1828125 0.6296875 0.12265625 0.09921875
2 0.909375 0.46640625 0.096875 0.07421875
2 0.9546875 0.4046875 0.06953125 0.04296875
2 0.15546875 0.49375 0.134375 0.03359375
2 0.30859375 0.49453125 0.1515625 0.0890625
2 0.73671875 0.47734375 0.09375 0.06796875
2 0.815625 0.45390625 0.07421875 0.06015625
2 0.715625 0.4140625 0.065625 0.05078125
2 0.8296875 0.4046875 0.0859375 0.03828125
2 0.56015625 0.48359375 0.096875 0.0703125
2 0.63203125 0.465625 0.0578125 0.0578125
2 0.465625 0.48046875 0.075 0.071875
2 0.15625 0.4421875 0.1109375 0.0625
2 0.2890625 0.4421875 0.11328125 0.0625
2 0.39453125 0.421875 0.08828125 0.05
2 0.12265625 0.39375 0.0578125 0.03359375
2 0.19296875 0.39140625 0.06796875 0.0484375
2 0.2921875 0.39375 0.0546875 0.03359375
2 0.2609375 0.37890625 0.04296875 0.04296875
2 0.33828125 0.378125 0.04296875 0.0359375
2 0.0546875 0.38984375 0.06484375 0.0453125
2 0.88359375 0.36875 0.05703125 0.03359375
2 0.50546875 0.37890625 0.07265625 0.0453125
2 0.62421875 0.36875 0.0390625 0.04296875
2 0.6640625 0.36328125 0.040625 0.04375
2 0.940625 0.3609375 0.0625 0.03671875
2 0.38828125 0.3890625 0.059375 0.03046875
2 0.07890625 0.35625 0.084375 0.040625
2 0.73359375 0.3265625 0.04609375 0.0234375
2 0.68359375 0.33125 0.04765625 0.028125
2 0.83359375 0.346875 0.03671875 0.03671875
2 0.5703125 0.3734375 0.0546875 0.04765625
2 0.709375 0.36484375 0.05078125 0.04140625
2 0.753125 0.35625 0.04140625 0.03125
2 0.7890625 0.37421875 0.03359375 0.02578125
2 0.76640625 0.396875 0.04296875 0.028125
2 0.63984375 0.40703125 0.0484375 0.03359375
2 0.5078125 0.41796875 0.0625 0.0390625
2 0.575 0.4234375 0.06796875 0.03671875
2 0.63046875 0.3328125 0.0578125 0.0265625
2 0.80078125 0.33359375 0.05078125 0.034375
2 0.53125 0.3359375 0.03671875 0.02421875
2 0.39140625 0.340625 0.0453125 0.028125
2 0.15703125 0.34921875 0.0671875 0.0390625
2 0.31015625 0.35625 0.04140625 0.0265625
2 0.44453125 0.3640625 0.04375 0.0359375
2 0.45546875 0.33359375 0.05703125 0.02890625
2 0.76328125 0.30546875 0.03359375 0.02109375
2 0.67734375 0.309375 0.03359375 0.021875
2 0.64375 0.30234375 0.03203125 0.01640625
2 0.721875 0.30859375 0.02890625 0.01484375
2 0.44453125 0.29609375 0.03046875 0.0171875
2 0.40703125 0.296875 0.03359375 0.01953125
2 0.2578125 0.3015625 0.0359375 0.02421875
2 0.29375 0.29765625 0.02421875 0.01953125
2 0.215625 0.3046875 0.02421875 0.02109375
2 0.18359375 0.30390625 0.0265625 0.01953125
2 0.18046875 0.31875 0.03046875 0.0171875
2 0.25859375 0.3171875 0.03125 0.01875
2 0.37421875 0.296875 0.0265625 0.0171875
2 0.334375 0.3375 0.05078125 0.0171875
2 0.21796875 0.31875 0.02890625 0.01484375
2 0.378125 0.3609375 0.040625 0.0234375
2 0.41015625 0.3625 0.02890625 0.02421875
2 0.5609375 0.33515625 0.0265625 0.01953125
2 0.5875 0.3359375 0.03125 0.02109375
2 0.5890625 0.32265625 0.0234375 0.02109375
2 0.56796875 0.3109375 0.03046875 0.021875
2 0.5140625 0.29609375 0.028125 0.0171875
2 0.984375 0.33671875 0.02890625 0.028125
2 0.9515625 0.32734375 0.028125 0.02109375
2 0.88203125 0.30078125 0.02109375 0.01875
2 0.81640625 0.28984375 0.0265625 0.021875
2 0.90625 0.31796875 0.04140625 0.01875
2 0.5453125 0.29609375 0.03046875 0.01875
2 0.5390625 0.31328125 0.028125 0.01875
2 0.5125 0.309375 0.02421875 0.0140625
2 0.215625 0.34296875 0.02109375 0.02890625
2 0.23046875 0.3609375 0.04140625 0.028125
2 0.25390625 0.34453125 0.02890625 0.0234375
2 0.33359375 0.31796875 0.04609375 0.0171875
2 0.38046875 0.3171875 0.03671875 0.01640625
2 0.4234375 0.31640625 0.04140625 0.01953125
2 0.29140625 0.3203125 0.03046875 0.02109375
2 0.27890625 0.33984375 0.03203125 0.01953125
2 0.0171875 0.36796875 0.034375 0.0296875
2 0.0546875 0.44296875 0.06796875 0.0578125
2 0.0125 0.4125 0.02421875 0.02890625
2 0.08671875 0.52734375 0.11796875 0.04765625
2 0.99140625 0.43828125 0.01484375 0.02109375
2 0.865625 0.3359375 0.03671875 0.0234375
2 0.90625 0.33984375 0.04140625 0.021875
2 0.859375 0.31484375 0.03359375 0.02109375
2 0.6171875 0.309375 0.03203125 0.01484375
2 0.34296875 0.2984375 0.03046875 0.0140625
2 0.5859375 0.290625 0.02890625 0.01875
2 0.65703125 0.28671875 0.03671875 0.01484375
2 0.5015625 0.33671875 0.0359375 0.034375
2 0.4765625 0.31171875 0.040625 0.01953125
2 0.70625 0.29296875 0.02890625 0.0140625
2 0.7859375 0.2890625 0.02578125 0.0171875
2 0.7921875 0.3078125 0.03125 0.01640625
2 0.825 0.31328125 0.0234375 0.02578125
2 0.7609375 0.2859375 0.021875 0.01875
2 0.7375 0.284375 0.02578125 0.02109375
2 0.70859375 0.278125 0.02578125 0.01484375
2 0.6796875 0.28125 0.02578125 0.01640625
2 0.53828125 0.2828125 0.02578125 0.0125
2 0.50625 0.28203125 0.02421875 0.0125
2 0.24453125 0.28046875 0.02421875 0.0171875
2 0.271875 0.27890625 0.028125 0.02109375
2 0.2109375 0.28828125 0.02109375 0.009375
2 0.2953125 0.278125 0.02109375 0.0234375
2 0.39609375 0.28203125 0.0265625 0.0125
2 0.36953125 0.2796875 0.0234375 0.01484375
2 0.440625 0.2765625 0.0265625 0.01640625
2 0.31796875 0.2734375 0.02578125 0.02109375
2 0.340625 0.28203125 0.0234375 0.01640625
2 0.61953125 0.28671875 0.03125 0.01953125
2 0.41796875 0.2734375 0.01875 0.01484375
2 0.5703125 0.2796875 0.021875 0.0171875
2 0.59921875 0.2765625 0.02421875 0.01640625