2 0.20390625 0.75859375 0.28046875 0.2140625
2 0.465625 0.6796875 0.2359375 0.2046875
2 0.73125 0.678125 0.2578125 0.25
2 0.6953125 0.50625 0.096875 0.05703125
2 0.5125 0.54140625 0.165625 0.09921875
2 0.33125 0.5609375 0.1875 0.1171875
2 0.40859375 0.39453125 0.090625 0.05078125
2 0.33828125 0.47265625 0.125 0.05703125
2 0.3984375 0.4359375 0.11953125 0.05703125
2 0.51953125 0.47265625 0.125 0.0453125
2 0.50859375 0.4359375 0.103125 0.04296875
2 0.60390625 0.3828125 0.08203125 0.0484375
2 0.66640625 0.44375 0.13046875 0.08203125
2 0.52578125 0.39140625 0.07734375 0.04609375
2 0.42421875 0.35625 0.0703125 0.03828125
2 0.51796875 0.3515625 0.07265625 0.04609375
2 0.596875 0.34609375 0.0703125 0.04609375
2 0.95546875 0.35390625 0.0890625 0.0671875
2 0.87578125 0.33671875 0.08203125 0.04375
2 0.959375 0.303125 0.08125 0.03671875
2 0.0328125 0.3890625 0.06328125 0.0671875
2 0.096875 0.3484375 0.065625 0.05078125
2 0.16640625 0.34609375 0.06953125 0.04609375
2 0.2328125 0.33828125 0.0578125 0.0359375
2 0.4515625 0.31328125 0.06015625 0.03125
2 0.565625 0.31328125 0.05703125 0.02890625
2 0.50703125 0.31328125 0.05546875 0.02578125
2 0.75625 0.31171875 0.05703125 0.03359375
2 0.82109375 0.31875 0.04765625 0.02890625
2 0.6640625 0.27890625 0.0390625 0.02578125
2 0.70546875 0.28203125 0.03359375 0.0265625
2 0.73671875 0.2890625 0.0546875 0.0390625
2 0.79609375 0.28671875 0.06328125 0.03125
2 0.84375 0.2875 0.03671875 0.021875
2 0.8953125 0.29140625 0.0453125 0.021875
2 0.55390625 0.2875 0.03359375 0.01953125
2 0.50859375 0.29375 0.04765625 0.01953125
2 0.4640625 0.28984375 0.0390625 0.0171875
2 0.33828125 0.2921875 0.06328125 0.040625
2 0.0234375 0.26171875 0.0453125 0.0234375
2 0.015625 0.2890625 0.0265625 0.03125
2 0.0515625 0.28359375 0.0453125 0.02109375
2 0.075 0.26640625 0.03828125 0.03359375
2 0.1171875 0.271875 0.0359375 0.034375
2 0.10078125 0.31015625 0.06484375 0.0234375
2 0.1609375 0.30234375 0.04140625 0.02890625
2 0.03203125 0.32890625 0.06015625 0.040625
2 0.15078125 0.27578125 0.03359375 0.021875
2 0.1890625 0.278125 0.03359375 0.0171875
2 0.2109375 0.29453125 0.04765625 0.0265625
2 0.253125 0.2875 0.03671875 0.02421875
2 0.2890625 0.284375 0.028125 0.0140625
2 0.2890625 0.3046875 0.0359375 0.0265625
2 0.2546875 0.31171875 0.034375 0.021875