2 0.6015625 0.928125 0.1015625 0.06015625
2 0.74921875 0.68359375 0.065625 0.0453125
2 0.80703125 0.81171875 0.06796875 0.05078125
2 0.61328125 0.75703125 0.05546875 0.034375
2 0.596875 0.684375 0.04765625 0.03203125
2 0.70234375 0.6265625 0.0453125 0.03125
2 0.57734375 0.60390625 0.06328125 0.03828125
2 0.52421875 0.53515625 0.0671875 0.040625
2 0.26015625 0.5421875 0.05078125 0.0453125
2 0.14609375 0.55234375 0.04140625 0.0359375
2 0.2421875 0.590625 0.04296875 0.0265625
2 0.27109375 0.50078125 0.04765625 0.0453125
2 0.30703125 0.4546875 0.05 0.0484375
2 0.86796875 0.5015625 0.02578125 0.02421875
2 0.90078125 0.5421875 0.02578125 0.01484375
2 0.63671875 0.52421875 0.0390625 0.04140625
2 0.6109375 0.4671875 0.04140625 0.03828125
2 0.534375 0.41640625 0.0453125 0.034375
2 0.18828125 0.684375 0.0703125 0.0484375
2 0.515625 0.3765625 0.02890625 0.0171875
2 0.25859375 0.421875 0.03125 0.0265625
2 0.2984375 0.38984375 0.03671875 0.02109375
2 0.346875 0.40703125 0.0390625 0.01875
2 0.38046875 0.38515625 0.05234375 0.03203125
2 0.32890625 0.36953125 0.034375 0.0359375
2 0.58828125 0.42734375 0.04296875 0.03828125
2 0.84140625 0.47421875 0.02578125 0.01875
2 0.76953125 0.4359375 0.03671875 0.03828125