2 0.5140625 0.78515625 0.125 0.09375
2 0.50625 0.66875 0.128125 0.11953125
2 0.1078125 0.90078125 0.1109375 0.125
2 0.24375 0.94921875 0.121875 0.09921875
2 0.66875 0.76015625 0.1953125 0.12734375
2 0.04140625 0.6640625 0.08125 0.1015625
2 0.115625 0.50390625 0.08125 0.0546875
2 0.08203125 0.5609375 0.09921875 0.06796875
2 0.1859375 0.51796875 0.059375 0.0546875
2 0.16640625 0.5703125 0.09375 0.071875
2 0.26953125 0.50234375 0.09921875 0.06484375
2 0.26640625 0.57890625 0.0859375 0.0578125
2 0.115625 0.73359375 0.1015625 0.1015625
2 0.09609375 0.81796875 0.14609375 0.07265625
2 0.228125 0.82265625 0.125 0.1421875
2 0.496875 0.57734375 0.0765625 0.06484375
2 0.6953125 0.87734375 0.12265625 0.09921875
2 0.57109375 0.86953125 0.10546875 0.10078125
2 0.1296875 0.621875 0.06015625 0.0484375
2 0.21953125 0.659375 0.0796875 0.0796875
2 0.61953125 0.665625 0.09375 0.07421875
2 0.63515625 0.59296875 0.125 0.08203125
2 0.28203125 0.45 0.10078125 0.05703125
2 0.1796875 0.440625 0.08203125 0.06796875
2 0.45703125 0.43984375 0.08828125 0.0484375
2 0.4828125 0.48671875 0.08359375 0.059375
2 0.5515625 0.45390625 0.06171875 0.0484375
2 0.57578125 0.4984375 0.09375 0.0453125
2 0.5046875 0.534375 0.0625 0.04296875
2 0.45234375 0.39296875 0.08828125 0.04296875
2 0.5453125 0.39453125 0.08828125 0.0484375
2 0.97421875 0.65859375 0.04765625 0.0859375
2 0.97265625 0.58828125 0.05234375 0.0546875
2 0.6671875 0.34296875 0.06796875 0.04296875
2 0.63515625 0.30703125 0.04296875 0.0453125
2 0.68984375 0.30625 0.05078125 0.04296875
2 0.73359375 0.33828125 0.0546875 0.040625
2 0.8125 0.340625 0.08828125 0.03671875
2 0.753125 0.3125 0.05078125 0.03671875
2 0.70390625 0.26328125 0.04375 0.02890625
2 0.225 0.36953125 0.09140625 0.04296875
2 0.3015625 0.40703125 0.10546875 0.0484375
2 0.6203125 0.27421875 0.0390625 0.03046875
2 0.46015625 0.28671875 0.04765625 0.0359375
2 0.5078125 0.2875 0.0484375 0.0359375
2 0.4609375 0.31875 0.0578125 0.03359375
2 0.51171875 0.315625 0.06015625 0.028125
2 0.5234375 0.340625 0.05546875 0.02421875
2 0.4609375 0.3515625 0.0671875 0.03125
2 0.9546875 0.43828125 0.06953125 0.06015625
2 0.85390625 0.428125 0.09453125 0.05078125
2 0.8390625 0.528125 0.08125 0.0546875
2 0.7109375 0.42734375 0.0578125 0.0703125
2 0.65703125 0.271875 0.05234375 0.0234375
2 0.50546875 0.25234375 0.04765625 0.03203125
2 0.45859375 0.25625 0.0453125 0.02421875
2 0.44609375 0.23125 0.0453125 0.02578125
2 0.49453125 0.228125 0.04140625 0.01875
2 0.5859375 0.2515625 0.04609375 0.02421875
2 0.30703125 0.3703125 0.06484375 0.034375
2 0.32109375 0.346875 0.0796875 0.03125
2 0.33828125 0.3171875 0.0796875 0.034375
2 0.65703125 0.25234375 0.03125 0.02109375
2 0.63828125 0.23125 0.03828125 0.02109375
2 0.559375 0.228125 0.040625 0.0234375
2 0.6234375 0.20625 0.05234375 0.03046875
2 0.5484375 0.2015625 0.04375 0.02578125
2 0.6 0.23125 0.040625 0.0234375
2 0.62578125 0.253125 0.03125 0.02578125
2 0.5875 0.20390625 0.02421875 0.02890625
2 0.5390625 0.18046875 0.03125 0.02109375
2 0.5640625 0.18203125 0.02421875 0.01875
2 0.5921875 0.1828125 0.03125 0.01640625
2 0.54140625 0.159375 0.028125 0.02421875
2 0.565625 0.1625 0.021875 0.01484375
2 0.58984375 0.16171875 0.02890625 0.0265625
2 0.38984375 0.20546875 0.028125 0.0265625
2 0.35625 0.215625 0.03203125 0.02421875
2 0.36484375 0.27578125 0.04375 0.03359375
2 0.3828125 0.24609375 0.0484375 0.03125
2 0.32734375 0.26171875 0.04296875 0.028125
2 0.31796875 0.284375 0.05234375 0.03046875
2 0.35546875 0.1953125 0.034375 0.02109375
2 0.41328125 0.171875 0.03203125 0.021875
2 0.3953125 0.184375 0.03828125 0.01875
2 0.44921875 0.2078125 0.034375 0.021875
2 0.48515625 0.209375 0.03125 0.0234375
2 0.4609375 0.1703125 0.02421875 0.01875
2 0.484375 0.1859375 0.0359375 0.01953125
2 0.496875 0.16328125 0.040625 0.0234375