2 0.5546875 0.78046875 0.06484375 0.08203125
2 0.29140625 0.79609375 0.11328125 0.10546875
2 0.871875 0.8875 0.146875 0.15625
2 0.83359375 0.76484375 0.13671875 0.10078125
2 0.946875 0.6796875 0.10390625 0.10546875
2 0.95546875 0.778125 0.08671875 0.07890625
2 0.96953125 0.87421875 0.0578125 0.10546875
2 0.7625 0.45859375 0.06796875 0.05078125
2 0.7734375 0.51484375 0.096875 0.0671875
2 0.32890625 0.5828125 0.09609375 0.07265625
2 0.33125 0.52421875 0.11015625 0.0671875
2 0.29453125 0.66640625 0.128125 0.103125
2 0.43203125 0.7953125 0.13984375 0.090625
2 0.3984375 0.9109375 0.11328125 0.134375
2 0.5015625 0.89375 0.0984375 0.11796875
2 0.10546875 0.5625 0.11328125 0.08828125
2 0.4140625 0.70625 0.1171875 0.0859375
2 0.51484375 0.68203125 0.1015625 0.10078125
2 0.7 0.425 0.08203125 0.0546875
2 0.19296875 0.46875 0.0796875 0.0625
2 0.534375 0.6015625 0.1109375 0.0625
2 0.4140625 0.63359375 0.1078125 0.059375
2 0.4390625 0.51015625 0.10546875 0.0765625
2 0.56796875 0.4984375 0.0796875 0.0703125
2 0.84140625 0.44140625 0.06015625 0.04296875
2 0.90078125 0.5203125 0.11484375 0.08671875
2 0.47421875 0.55703125 0.11328125 0.08828125
2 0.29765625 0.35390625 0.06796875 0.053125
2 0.2609375 0.390625 0.0546875 0.04296875
2 0.2359375 0.33828125 0.0625 0.06015625
2 0.153125 0.41484375 0.08671875 0.04765625
2 0.109375 0.465625 0.09375 0.0625
2 0.0421875 0.52578125 0.0796875 0.07734375
2 0.33125 0.28203125 0.0546875 0.03125
2 0.290625 0.309375 0.06953125 0.0390625
2 0.68671875 0.365625 0.08203125 0.05078125
2 0.8 0.6375 0.128125 0.10546875
2 0.03515625 0.76328125 0.0703125 0.1015625
2 0.0328125 0.675 0.065625 0.06015625
2 0.084375 0.59140625 0.07421875 0.05078125
2 0.02109375 0.6 0.04140625 0.059375
2 0.83359375 0.3875 0.059375 0.0546875
2 0.9140625 0.45234375 0.0796875 0.05
2 0.76640625 0.396875 0.0703125 0.071875
2 0.546875 0.396875 0.08203125 0.04375
2 0.5484375 0.440625 0.09921875 0.0484375
2 0.36484375 0.44609375 0.096875 0.09375
2 0.453125 0.44765625 0.09375 0.05703125
2 0.4609375 0.38984375 0.08828125 0.065625
2 0.42265625 0.33046875 0.053125 0.0546875
2 0.47421875 0.33125 0.05078125 0.04375
2 0.5390625 0.34453125 0.07734375 0.05703125
2 0.3140625 0.88828125 0.05234375 0.08203125
2 0.80625 0.34453125 0.05703125 0.040625
2 0.7734375 0.3109375 0.053125 0.03125
2 0.72421875 0.28203125 0.021875 0.03125
2 0.54375 0.2921875 0.06796875 0.03359375
2 0.47421875 0.29765625 0.05 0.0234375
2 0.43125 0.2859375 0.065625 0.04140625
2 0.4109375 0.2578125 0.03671875 0.01953125
2 0.5234375 0.2578125 0.04609375 0.028125
2 0.70625 0.30703125 0.0453125 0.028125
2 0.67890625 0.33046875 0.05703125 0.03125
2 0.70625 0.26015625 0.03359375 0.02109375
2 0.6796875 0.271875 0.03671875 0.034375
2 0.6484375 0.2953125 0.05703125 0.03046875
2 0.61953125 0.26796875 0.059375 0.02890625
2 0.52109375 0.22890625 0.04765625 0.02578125
2 0.475 0.24609375 0.0546875 0.0265625
2 0.4390625 0.22421875 0.04296875 0.02578125
2 0.48046875 0.2171875 0.03671875 0.021875
2 0.68203125 0.2390625 0.03203125 0.021875
2 0.65078125 0.23984375 0.03125 0.0265625
2 0.609375 0.240625 0.05 0.0234375
2 0.640625 0.21328125 0.02890625 0.02578125
2 0.58828125 0.22109375 0.03671875 0.02109375
2 0.57890625 0.17734375 0.02578125 0.01953125
2 0.56171875 0.1953125 0.028125 0.02109375
2 0.6046875 0.19765625 0.02890625 0.01875
2 0.61640625 0.2171875 0.01953125 0.01953125
2 0.55234375 0.16640625 0.0171875 0.0140625
2 0.55 0.1796875 0.02890625 0.02109375
2 0.5234375 0.16796875 0.03359375 0.02109375
2 0.50390625 0.2046875 0.0359375 0.0234375
2 0.440625 0.20390625 0.03046875 0.01640625
2 0.440625 0.17109375 0.028125 0.0171875
2 0.46875 0.16640625 0.028125 0.0171875
2 0.48515625 0.1828125 0.0484375 0.01875
2 0.44296875 0.18671875 0.03046875 0.01484375
2 0.46796875 0.1984375 0.0265625 0.01484375