2 0.4859375 0.78515625 0.125 0.09375
2 0.49375 0.66875 0.128125 0.11953125
2 0.8921875 0.90078125 0.1109375 0.125
2 0.75625 0.94921875 0.121875 0.09921875
2 0.33125 0.76015625 0.1953125 0.12734375
2 0.95859375 0.6640625 0.08125 0.1015625
2 0.884375 0.50390625 0.08125 0.0546875
2 0.91796875 0.5609375 0.09921875 0.06796875
2 0.8140625 0.51796875 0.059375 0.0546875
2 0.83359375 0.5703125 0.09375 0.071875
2 0.73046875 0.50234375 0.09921875 0.06484375
2 0.73359375 0.57890625 0.0859375 0.0578125
2 0.884375 0.73359375 0.1015625 0.1015625
2 0.90390625 0.81796875 0.14609375 0.07265625
2 0.771875 0.82265625 0.125 0.1421875
2 0.503125 0.57734375 0.0765625 0.06484375
2 0.3046875 0.87734375 0.12265625 0.09921875
2 0.42890625 0.86953125 0.10546875 0.10078125
2 0.8703125 0.621875 0.06015625 0.0484375
2 0.78046875 0.659375 0.0796875 0.0796875
2 0.38046875 0.665625 0.09375 0.07421875
2 0.36484375 0.59296875 0.125 0.08203125
2 0.71796875 0.45 0.10078125 0.05703125
2 0.8203125 0.440625 0.08203125 0.06796875
2 0.54296875 0.43984375 0.08828125 0.0484375
2 0.5171875 0.48671875 0.08359375 0.059375
2 0.4484375 0.45390625 0.06171875 0.0484375
2 0.42421875 0.4984375 0.09375 0.0453125
2 0.4953125 0.534375 0.0625 0.04296875
2 0.54765625 0.39296875 0.08828125 0.04296875
2 0.4546875 0.39453125 0.08828125 0.0484375
2 0.02578125 0.65859375 0.04765625 0.0859375
2 0.02734375 0.58828125 0.05234375 0.0546875
2 0.3328125 0.34296875 0.06796875 0.04296875
2 0.36484375 0.30703125 0.04296875 0.0453125
2 0.31015625 0.30625 0.05078125 0.04296875
2 0.26640625 0.33828125 0.0546875 0.040625
2 0.1875 0.340625 0.08828125 0.03671875
2 0.246875 0.3125 0.05078125 0.03671875
2 0.29609375 0.26328125 0.04375 0.02890625
2 0.775 0.36953125 0.09140625 0.04296875
2 0.6984375 0.40703125 0.10546875 0.0484375
2 0.3796875 0.27421875 0.0390625 0.03046875
2 0.53984375 0.28671875 0.04765625 0.0359375
2 0.4921875 0.2875 0.0484375 0.0359375
2 0.5390625 0.31875 0.0578125 0.03359375
2 0.48828125 0.315625 0.06015625 0.028125
2 0.4765625 0.340625 0.05546875 0.02421875
2 0.5390625 0.3515625 0.0671875 0.03125
2 0.0453125 0.43828125 0.06953125 0.06015625
2 0.14609375 0.428125 0.09453125 0.05078125
2 0.1609375 0.528125 0.08125 0.0546875
2 0.2890625 0.42734375 0.0578125 0.0703125
2 0.34296875 0.271875 0.05234375 0.0234375
2 0.49453125 0.25234375 0.04765625 0.03203125
2 0.54140625 0.25625 0.0453125 0.02421875
2 0.55390625 0.23125 0.0453125 0.02578125
2 0.50546875 0.228125 0.04140625 0.01875
2 0.4140625 0.2515625 0.04609375 0.02421875
2 0.69296875 0.3703125 0.06484375 0.034375
2 0.67890625 0.346875 0.0796875 0.03125
2 0.66171875 0.3171875 0.0796875 0.034375
2 0.34296875 0.25234375 0.03125 0.02109375
2 0.36171875 0.23125 0.03828125 0.02109375
2 0.440625 0.228125 0.040625 0.0234375
2 0.3765625 0.20625 0.05234375 0.03046875
2 0.4515625 0.2015625 0.04375 0.02578125
2 0.4 0.23125 0.040625 0.0234375
2 0.37421875 0.253125 0.03125 0.02578125
2 0.4125 0.20390625 0.02421875 0.02890625
2 0.4609375 0.18046875 0.03125 0.02109375
2 0.4359375 0.18203125 0.02421875 0.01875
2 0.4078125 0.1828125 0.03125 0.01640625
2 0.45859375 0.159375 0.028125 0.02421875
2 0.434375 0.1625 0.021875 0.01484375
2 0.41015625 0.16171875 0.02890625 0.0265625
2 0.61015625 0.20546875 0.028125 0.0265625
2 0.64375 0.215625 0.03203125 0.02421875
2 0.63515625 0.27578125 0.04375 0.03359375
2 0.6171875 0.24609375 0.0484375 0.03125
2 0.67265625 0.26171875 0.04296875 0.028125
2 0.68203125 0.284375 0.05234375 0.03046875
2 0.64453125 0.1953125 0.034375 0.02109375
2 0.58671875 0.171875 0.03203125 0.021875
2 0.6046875 0.184375 0.03828125 0.01875
2 0.55078125 0.2078125 0.034375 0.021875
2 0.51484375 0.209375 0.03125 0.0234375
2 0.5390625 0.1703125 0.02421875 0.01875
2 0.515625 0.1859375 0.0359375 0.01953125
2 0.503125 0.16328125 0.040625 0.0234375