2 0.5234375 0.83046875 0.11953125 0.09375
2 0.52265625 0.946875 0.1171875 0.10625
2 0.9015625 0.8578125 0.10390625 0.1015625
2 0.8859375 0.76484375 0.12421875 0.07890625
2 0.8515625 0.61796875 0.08828125 0.0625
2 0.55390625 0.684375 0.09140625 0.0765625
2 0.5546875 0.58828125 0.11796875 0.09140625
2 0.57109375 0.496875 0.09375 0.10390625
2 0.0703125 0.7546875 0.103125 0.0625
2 0.096875 0.66875 0.0859375 0.06796875
2 0.3703125 0.9515625 0.171875 0.096875
2 0.378125 0.8671875 0.1203125 0.09609375
2 0.13203125 0.596875 0.1296875 0.07265625
2 0.190625 0.5078125 0.09375 0.07421875
2 0.03125 0.59921875 0.06015625 0.121875
2 0.471875 0.475 0.10390625 0.07265625
2 0.4375 0.63984375 0.07890625 0.06328125
2 0.43203125 0.7015625 0.11015625 0.06484375
2 0.38984375 0.77578125 0.10625 0.0796875
2 0.7921875 0.3984375 0.084375 0.04765625
2 0.80234375 0.45859375 0.08828125 0.0625
2 0.93828125 0.55390625 0.1203125 0.06796875
2 0.23515625 0.459375 0.05078125 0.0859375
2 0.5578125 0.36875 0.06953125 0.0453125
2 0.47890625 0.3578125 0.075 0.071875
2 0.91875 0.4640625 0.096875 0.05078125
2 0.890625 0.39609375 0.0984375 0.084375
2 0.84453125 0.33203125 0.09609375 0.071875
2 0.7578125 0.32734375 0.06796875 0.05234375
2 0.81171875 0.278125 0.05703125 0.034375
2 0.79453125 0.2375 0.06328125 0.03203125
2 0.565625 0.284375 0.06796875 0.04765625
2 0.5640625 0.32265625 0.059375 0.04609375
2 0.684375 0.17109375 0.05234375 0.04140625
2 0.70390625 0.20625 0.0625 0.04375
2 0.7421875 0.2703125 0.05078125 0.06328125
2 0.15078125 0.44140625 0.0859375 0.05703125
2 0.18515625 0.3890625 0.090625 0.06484375
2 0.0578125 0.28359375 0.0484375 0.04140625
2 0.76484375 0.20703125 0.0453125 0.03671875
2 0.7421875 0.16015625 0.05703125 0.040625
2 0.56796875 0.2421875 0.05234375 0.02890625
2 0.503125 0.2421875 0.0484375 0.04296875
2 0.496875 0.28203125 0.0625 0.04765625
2 0.1578125 0.2546875 0.0453125 0.04375
2 0.5171875 0.17734375 0.05078125 0.03125
2 0.56953125 0.2046875 0.04609375 0.05078125
2 0.14375 0.2140625 0.02578125 0.02578125
2 0.10859375 0.24609375 0.0484375 0.040625
2 0.0171875 0.31796875 0.034375 0.04140625
2 0.02265625 0.36796875 0.0453125 0.05078125
2 0.0640625 0.33125 0.0546875 0.03671875
2 0.096875 0.3 0.04140625 0.03125
2 0.1265625 0.2796875 0.05 0.03125
2 0.18125 0.22265625 0.03359375 0.03125
2 0.58359375 0.1640625 0.04765625 0.034375
2 0.53359375 0.1546875 0.05078125 0.0265625
2 0.58203125 0.121875 0.0390625 0.028125
2 0.53515625 0.13046875 0.03359375 0.021875
2 0.39921875 0.1234375 0.03671875 0.03125
2 0.43515625 0.13359375 0.0390625 0.0359375
2 0.3609375 0.1609375 0.04375 0.03671875
2 0.33359375 0.1953125 0.034375 0.028125
2 0.39296875 0.19765625 0.05703125 0.040625
2 0.40546875 0.1625 0.05 0.03125
2 0.35625 0.2359375 0.06484375 0.03671875
2 0.3015625 0.21875 0.040625 0.03046875
2 0.29375 0.2421875 0.05078125 0.021875
2 0.275 0.27109375 0.04765625 0.04296875
2 0.23984375 0.30859375 0.0578125 0.0359375
2 0.221875 0.34296875 0.071875 0.04296875
2 0.2703125 0.39296875 0.06796875 0.05703125
2 0.3 0.340625 0.0890625 0.04609375
2 0.32265625 0.30625 0.06796875 0.03125
2 0.33828125 0.2734375 0.07421875 0.03828125
2 0.72578125 0.12578125 0.053125 0.03671875
2 0.675 0.1296875 0.040625 0.053125
2 0.8015625 0.11953125 0.04296875 0.03671875
2 0.95078125 0.2421875 0.0546875 0.03125
2 0.97578125 0.27890625 0.04609375 0.05078125
2 0.86875 0.1640625 0.04296875 0.03046875
2 0.915625 0.2140625 0.0578125 0.03671875
2 0.90078125 0.18671875 0.05078125 0.03046875
2 0.840625 0.14453125 0.03671875 0.02578125
2 0.98125 0.23359375 0.034375 0.0390625
2 0.97421875 0.19921875 0.04765625 0.03671875
2 0.95234375 0.171875 0.05546875 0.0265625
2 0.2171875 0.19609375 0.03125 0.02421875
2 0.1734375 0.1921875 0.03203125 0.02578125
2 0.2421875 0.178125 0.0390625 0.0234375
2 0.23984375 0.15078125 0.03125 0.0234375
2 0.284375 0.1484375 0.03671875 0.02890625
2 0.075 0.19375 0.028125 0.021875
2 0.0328125 0.20234375 0.01953125 0.02421875
2 0.0328125 0.17734375 0.01953125 0.0171875
2 0.1328125 0.13515625 0.05 0.03671875
2 0.446875 0.55625 0.08125 0.09140625
2 0.8765625 0.6859375 0.12421875 0.059375
2 0.82734375 0.5390625 0.09921875 0.08203125
2 0.940625 0.50625 0.1109375 0.04765625
2 0.07890625 0.1484375 0.0546875 0.040625
2 0.88671875 0.10703125 0.04140625 0.04296875
2 0.9125 0.15703125 0.03359375 0.0265625
2 0.89453125 0.13515625 0.034375 0.0171875
2 0.10859375 0.11015625 0.03046875 0.0265625
2 0.05390625 0.1171875 0.03359375 0.02109375
2 0.028125 0.14609375 0.03671875 0.03125
2 0.1859375 0.10703125 0.021875 0.01484375
2 0.2 0.0890625 0.02890625 0.01640625
2 0.18046875 0.0703125 0.03203125 0.021875
2 0.475 0.09921875 0.02890625 0.01875
2 0.44765625 0.10625 0.02421875 0.0171875
2 0.1078125 0.084375 0.034375 0.02578125
2 0.078125 0.09921875 0.021875 0.01953125
2 0.146875 0.0703125 0.02578125 0.0125
2 0.140625 0.0859375 0.03125 0.01640625
2 0.2484375 0.08359375 0.021875 0.0140625
2 0.3171875 0.125 0.02109375 0.02109375
2 0.29609375 0.125 0.0171875 0.01640625
2 0.27109375 0.12734375 0.0234375 0.01875
2 0.528125 0.109375 0.03203125 0.0171875
2 0.84296875 0.1046875 0.03046875 0.021875
2 0.8546875 0.08359375 0.03125 0.01953125
2 0.83359375 0.075 0.028125 0.0171875
2 0.47734375 0.0859375 0.03125 0.0140625
2 0.48359375 0.07421875 0.0234375 0.0140625
2 0.3265625 0.0828125 0.028125 0.01484375
2 0.32265625 0.1015625 0.03359375 0.01875
2 0.36015625 0.0953125 0.03046875 0.0265625
2 0.44453125 0.0875 0.03203125 0.01484375
2 0.45 0.07421875 0.03203125 0.01171875