2 0.4765625 0.83046875 0.11953125 0.09375
2 0.47734375 0.946875 0.1171875 0.10625
2 0.0984375 0.8578125 0.10390625 0.1015625
2 0.1140625 0.76484375 0.12421875 0.07890625
2 0.1484375 0.61796875 0.08828125 0.0625
2 0.44609375 0.684375 0.09140625 0.0765625
2 0.4453125 0.58828125 0.11796875 0.09140625
2 0.42890625 0.496875 0.09375 0.10390625
2 0.9296875 0.7546875 0.103125 0.0625
2 0.903125 0.66875 0.0859375 0.06796875
2 0.6296875 0.9515625 0.171875 0.096875
2 0.621875 0.8671875 0.1203125 0.09609375
2 0.86796875 0.596875 0.1296875 0.07265625
2 0.809375 0.5078125 0.09375 0.07421875
2 0.96875 0.59921875 0.06015625 0.121875
2 0.528125 0.475 0.10390625 0.07265625
2 0.5625 0.63984375 0.07890625 0.06328125
2 0.56796875 0.7015625 0.11015625 0.06484375
2 0.61015625 0.77578125 0.10625 0.0796875
2 0.2078125 0.3984375 0.084375 0.04765625
2 0.19765625 0.45859375 0.08828125 0.0625
2 0.06171875 0.55390625 0.1203125 0.06796875
2 0.76484375 0.459375 0.05078125 0.0859375
2 0.4421875 0.36875 0.06953125 0.0453125
2 0.52109375 0.3578125 0.075 0.071875
2 0.08125 0.4640625 0.096875 0.05078125
2 0.109375 0.39609375 0.0984375 0.084375
2 0.15546875 0.33203125 0.09609375 0.071875
2 0.2421875 0.32734375 0.06796875 0.05234375
2 0.18828125 0.278125 0.05703125 0.034375
2 0.20546875 0.2375 0.06328125 0.03203125
2 0.434375 0.284375 0.06796875 0.04765625
2 0.4359375 0.32265625 0.059375 0.04609375
2 0.315625 0.17109375 0.05234375 0.04140625
2 0.29609375 0.20625 0.0625 0.04375
2 0.2578125 0.2703125 0.05078125 0.06328125
2 0.84921875 0.44140625 0.0859375 0.05703125
2 0.81484375 0.3890625 0.090625 0.06484375
2 0.9421875 0.28359375 0.0484375 0.04140625
2 0.23515625 0.20703125 0.0453125 0.03671875
2 0.2578125 0.16015625 0.05703125 0.040625
2 0.43203125 0.2421875 0.05234375 0.02890625
2 0.496875 0.2421875 0.0484375 0.04296875
2 0.503125 0.28203125 0.0625 0.04765625
2 0.8421875 0.2546875 0.0453125 0.04375
2 0.4828125 0.17734375 0.05078125 0.03125
2 0.43046875 0.2046875 0.04609375 0.05078125
2 0.85625 0.2140625 0.02578125 0.02578125
2 0.89140625 0.24609375 0.0484375 0.040625
2 0.9828125 0.31796875 0.034375 0.04140625
2 0.97734375 0.36796875 0.0453125 0.05078125
2 0.9359375 0.33125 0.0546875 0.03671875
2 0.903125 0.3 0.04140625 0.03125
2 0.8734375 0.2796875 0.05 0.03125
2 0.81875 0.22265625 0.03359375 0.03125
2 0.41640625 0.1640625 0.04765625 0.034375
2 0.46640625 0.1546875 0.05078125 0.0265625
2 0.41796875 0.121875 0.0390625 0.028125
2 0.46484375 0.13046875 0.03359375 0.021875
2 0.60078125 0.1234375 0.03671875 0.03125
2 0.56484375 0.13359375 0.0390625 0.0359375
2 0.6390625 0.1609375 0.04375 0.03671875
2 0.66640625 0.1953125 0.034375 0.028125
2 0.60703125 0.19765625 0.05703125 0.040625
2 0.59453125 0.1625 0.05 0.03125
2 0.64375 0.2359375 0.06484375 0.03671875
2 0.6984375 0.21875 0.040625 0.03046875
2 0.70625 0.2421875 0.05078125 0.021875
2 0.725 0.27109375 0.04765625 0.04296875
2 0.76015625 0.30859375 0.0578125 0.0359375
2 0.778125 0.34296875 0.071875 0.04296875
2 0.7296875 0.39296875 0.06796875 0.05703125
2 0.7 0.340625 0.0890625 0.04609375
2 0.67734375 0.30625 0.06796875 0.03125
2 0.66171875 0.2734375 0.07421875 0.03828125
2 0.27421875 0.12578125 0.053125 0.03671875
2 0.325 0.1296875 0.040625 0.053125
2 0.1984375 0.11953125 0.04296875 0.03671875
2 0.04921875 0.2421875 0.0546875 0.03125
2 0.02421875 0.27890625 0.04609375 0.05078125
2 0.13125 0.1640625 0.04296875 0.03046875
2 0.084375 0.2140625 0.0578125 0.03671875
2 0.09921875 0.18671875 0.05078125 0.03046875
2 0.159375 0.14453125 0.03671875 0.02578125
2 0.01875 0.23359375 0.034375 0.0390625
2 0.02578125 0.19921875 0.04765625 0.03671875
2 0.04765625 0.171875 0.05546875 0.0265625
2 0.7828125 0.19609375 0.03125 0.02421875
2 0.8265625 0.1921875 0.03203125 0.02578125
2 0.7578125 0.178125 0.0390625 0.0234375
2 0.76015625 0.15078125 0.03125 0.0234375
2 0.715625 0.1484375 0.03671875 0.02890625
2 0.925 0.19375 0.028125 0.021875
2 0.9671875 0.20234375 0.01953125 0.02421875
2 0.9671875 0.17734375 0.01953125 0.0171875
2 0.8671875 0.13515625 0.05 0.03671875
2 0.553125 0.55625 0.08125 0.09140625
2 0.1234375 0.6859375 0.12421875 0.059375
2 0.17265625 0.5390625 0.09921875 0.08203125
2 0.059375 0.50625 0.1109375 0.04765625
2 0.92109375 0.1484375 0.0546875 0.040625
2 0.11328125 0.10703125 0.04140625 0.04296875
2 0.0875 0.15703125 0.03359375 0.0265625
2 0.10546875 0.13515625 0.034375 0.0171875
2 0.89140625 0.11015625 0.03046875 0.0265625
2 0.94609375 0.1171875 0.03359375 0.02109375
2 0.971875 0.14609375 0.03671875 0.03125
2 0.8140625 0.10703125 0.021875 0.01484375
2 0.8 0.0890625 0.02890625 0.01640625
2 0.81953125 0.0703125 0.03203125 0.021875
2 0.525 0.09921875 0.02890625 0.01875
2 0.55234375 0.10625 0.02421875 0.0171875
2 0.8921875 0.084375 0.034375 0.02578125
2 0.921875 0.09921875 0.021875 0.01953125
2 0.853125 0.0703125 0.02578125 0.0125
2 0.859375 0.0859375 0.03125 0.01640625
2 0.7515625 0.08359375 0.021875 0.0140625
2 0.6828125 0.125 0.02109375 0.02109375
2 0.70390625 0.125 0.0171875 0.01640625
2 0.72890625 0.12734375 0.0234375 0.01875
2 0.471875 0.109375 0.03203125 0.0171875
2 0.15703125 0.1046875 0.03046875 0.021875
2 0.1453125 0.08359375 0.03125 0.01953125
2 0.16640625 0.075 0.028125 0.0171875
2 0.52265625 0.0859375 0.03125 0.0140625
2 0.51640625 0.07421875 0.0234375 0.0140625
2 0.6734375 0.0828125 0.028125 0.01484375
2 0.67734375 0.1015625 0.03359375 0.01875
2 0.63984375 0.0953125 0.03046875 0.0265625
2 0.55546875 0.0875 0.03203125 0.01484375
2 0.55 0.07421875 0.03203125 0.01171875