2 0.24453125 0.81484375 0.1296875 0.07890625
2 0.06171875 0.65546875 0.121875 0.08125
2 0.353125 0.62109375 0.05078125 0.07265625
2 0.134375 0.5546875 0.0625 0.07421875
2 0.34140625 0.515625 0.0765625 0.05234375
2 0.91640625 0.63515625 0.10546875 0.134375
2 0.94765625 0.7578125 0.103125 0.07421875
2 0.2328125 0.459375 0.08828125 0.06484375
2 0.3703125 0.4046875 0.0765625 0.05234375
2 0.265625 0.39296875 0.0796875 0.0453125
2 0.2953125 0.34765625 0.09921875 0.05
2 0.40625 0.3484375 0.06953125 0.05546875
2 0.78203125 0.4125 0.075 0.06328125
2 0.97421875 0.4625 0.0484375 0.0453125
2 0.88671875 0.37890625 0.07890625 0.059375
2 0.84375 0.334375 0.0484375 0.0390625
2 0.79765625 0.29609375 0.0765625 0.034375
2 0.47421875 0.246875 0.059375 0.04140625
2 0.74296875 0.34453125 0.0578125 0.02890625
2 0.8078125 0.2625 0.053125 0.02890625
2 0.70234375 0.31796875 0.096875 0.03359375
2 0.37421875 0.24453125 0.03125 0.03828125
2 0.68671875 0.2265625 0.03046875 0.01484375
2 0.78828125 0.2359375 0.028125 0.01875
2 0.71328125 0.28984375 0.05078125 0.021875
2 0.375 0.45390625 0.0765625 0.034375
2 0.38671875 0.17734375 0.0390625 0.01953125
2 0.47421875 0.17109375 0.03359375 0.02578125
2 0.64765625 0.18203125 0.03125 0.028125