2 0.2015625 0.82890625 0.21328125 0.17109375
2 0.409375 0.82109375 0.18203125 0.18671875
2 0.70234375 0.878125 0.24765625 0.2046875
2 0.640625 0.7 0.19765625 0.13046875
2 0.3 0.68671875 0.115625 0.09921875
2 0.61484375 0.578125 0.13984375 0.10546875
2 0.3484375 0.56875 0.11796875 0.10546875
2 0.46328125 0.55625 0.11484375 0.08203125
2 0.6 0.47421875 0.11484375 0.09296875
2 0.48984375 0.48359375 0.08671875 0.06171875
2 0.3421875 0.490625 0.1171875 0.0765625
2 0.39609375 0.440625 0.0625 0.04296875
2 0.52578125 0.40078125 0.09453125 0.06171875
2 0.97734375 0.39765625 0.0453125 0.06796875
2 0.91171875 0.3625 0.06796875 0.08203125
2 0.04140625 0.46953125 0.08125 0.05703125
2 0.85390625 0.35390625 0.0484375 0.05078125
2 0.428125 0.4 0.06953125 0.04296875
2 0.1234375 0.41875 0.08203125 0.04765625
2 0.040625 0.42265625 0.07421875 0.04296875
2 0.08125 0.37109375 0.0578125 0.0453125
2 0.39375 0.37265625 0.065625 0.03671875
2 0.53203125 0.35859375 0.065625 0.04140625
2 0.4640625 0.35625 0.0625 0.05078125
2 0.11796875 0.33125 0.0859375 0.03671875
2 0.14296875 0.378125 0.07734375 0.03359375
2 0.1875 0.35 0.0578125 0.040625
2 0.51484375 0.3203125 0.05 0.03671875
2 0.39609375 0.34140625 0.0625 0.0390625
2 0.81171875 0.35234375 0.04140625 0.04296875
2 0.7734375 0.33828125 0.040625 0.02890625
2 0.97265625 0.346875 0.05234375 0.04765625
2 0.0125 0.30625 0.0234375 0.0453125
2 0.04140625 0.303125 0.02890625 0.05078125
2 0.0703125 0.29140625 0.0265625 0.03125
2 0.10078125 0.29140625 0.03046875 0.034375
2 0.134375 0.2890625 0.03671875 0.02890625
2 0.18203125 0.31640625 0.0453125 0.02890625
2 0.22890625 0.31953125 0.03125 0.028125
2 0.2125 0.2921875 0.05234375 0.02421875
2 0.2546875 0.2921875 0.028125 0.03828125
2 0.3 0.2796875 0.053125 0.0171875
2 0.403125 0.309375 0.05234375 0.02421875
2 0.45625 0.3109375 0.04296875 0.0359375
2 0.48671875 0.29140625 0.04296875 0.01875
2 0.471875 0.2703125 0.05 0.0265625
2 0.39609375 0.27578125 0.04375 0.03359375
2 0.43515625 0.275 0.03203125 0.0265625
2 0.87421875 0.315625 0.05234375 0.0390625
2 0.98046875 0.29453125 0.0390625 0.03828125
2 0.9734375 0.26875 0.053125 0.0234375
2 0.7859375 0.265625 0.0484375 0.02421875
2 0.81796875 0.26953125 0.03125 0.028125
2 0.7265625 0.2984375 0.03203125 0.034375
2 0.753125 0.31484375 0.040625 0.034375
2 0.825 0.309375 0.04609375 0.03671875
2 0.7890625 0.3046875 0.03125 0.04296875
2 0.74765625 0.278125 0.04609375 0.0265625
2 0.85234375 0.2734375 0.03125 0.03125
2 0.88515625 0.27421875 0.02890625 0.03046875
2 0.92421875 0.27265625 0.0453125 0.02421875
2 0.93515625 0.29453125 0.04609375 0.02421875
2 0.696875 0.26875 0.04375 0.028125
2 0.68828125 0.2921875 0.04609375 0.021875
2 0.65234375 0.29140625 0.0359375 0.02890625
2 0.65703125 0.26484375 0.0359375 0.0234375
2 0.62265625 0.28671875 0.034375 0.02109375
2 0.62578125 0.26640625 0.02578125 0.01953125
2 0.54921875 0.2625 0.021875 0.01640625
2 0.57734375 0.2609375 0.03828125 0.0125
2 0.6046875 0.26875 0.021875 0.0171875