2 0.44609375 0.90859375 0.06796875 0.0484375
2 0.528125 0.91640625 0.084375 0.06171875
2 0.43515625 0.865625 0.0625 0.034375
2 0.51484375 0.871875 0.059375 0.03203125
2 0.3640625 0.903125 0.059375 0.0484375
2 0.346875 0.859375 0.05546875 0.040625
2 0.3875 0.83515625 0.059375 0.0546875
2 0.4609375 0.83203125 0.05703125 0.03671875
2 0.534375 0.8390625 0.071875 0.0578125
2 0.61484375 0.91640625 0.07734375 0.0546875
2 0.625 0.84453125 0.04140625 0.03671875
2 0.60390625 0.871875 0.0453125 0.02890625
2 0.71484375 0.85390625 0.065625 0.053125
2 0.128125 0.8 0.06015625 0.040625
2 0.0390625 0.78984375 0.0546875 0.0453125
2 0.06875 0.83125 0.05703125 0.03203125
2 0.0703125 0.86796875 0.06015625 0.03203125
2 0.31171875 0.8234375 0.05234375 0.04296875
2 0.79296875 0.8625 0.0578125 0.053125
2 0.80234375 0.93359375 0.0765625 0.0546875
2 0.715625 0.9203125 0.0859375 0.06484375
2 0.17265625 0.7375 0.0359375 0.03046875
2 0.20078125 0.715625 0.03828125 0.021875
2 0.26484375 0.7453125 0.04765625 0.034375
2 0.07734375 0.71875 0.04296875 0.02578125
2 0.05703125 0.67265625 0.03125 0.0234375
2 0.1234375 0.675 0.02890625 0.0265625
2 0.37421875 0.73359375 0.034375 0.021875
2 0.33984375 0.74921875 0.0546875 0.03671875
2 0.67734375 0.77421875 0.0578125 0.04609375
2 0.8203125 0.78671875 0.03203125 0.03046875
2 0.1578125 0.6640625 0.02421875 0.021875
2 0.18828125 0.68203125 0.0390625 0.0359375
2 0.228125 0.66796875 0.04375 0.03203125
2 0.27265625 0.684375 0.04765625 0.03671875
2 0.3296875 0.68828125 0.02578125 0.02421875
2 0.35625 0.69609375 0.02578125 0.01953125
2 0.3671875 0.6734375 0.03125 0.0234375
2 0.39765625 0.69296875 0.0359375 0.03203125
2 0.43359375 0.6828125 0.0265625 0.01640625
2 0.4671875 0.703125 0.03125 0.021875
2 0.50390625 0.690625 0.03125 0.02109375
2 0.5359375 0.7046875 0.03203125 0.01875
2 0.5671875 0.69609375 0.034375 0.0265625
2 0.63359375 0.6984375 0.03359375 0.02421875
2 0.61640625 0.71796875 0.04296875 0.03046875
2 0.6875 0.72578125 0.04609375 0.028125
2 0.68828125 0.70078125 0.03046875 0.02421875
2 0.75078125 0.7078125 0.028125 0.01953125
2 0.74765625 0.73359375 0.0390625 0.034375
2 0.8109375 0.71953125 0.03359375 0.02421875
2 0.01484375 0.6609375 0.028125 0.03671875
2 0.82265625 0.74921875 0.04609375 0.03046875
2 0.84765625 0.8125 0.02890625 0.02578125
2 0.5015625 0.76484375 0.05703125 0.03203125
2 0.53203125 0.74453125 0.04765625 0.02890625
2 0.45390625 0.7390625 0.04765625 0.03125
2 0.4296875 0.76171875 0.06953125 0.0390625
2 0.09609375 0.634375 0.034375 0.01875
2 0.13046875 0.6203125 0.0359375 0.02578125
2 0.1640625 0.63203125 0.0171875 0.0234375
2 0.19296875 0.621875 0.03046875 0.02578125
2 0.2109375 0.63828125 0.02890625 0.0171875
2 0.23671875 0.62265625 0.0359375 0.028125
2 0.27109375 0.6359375 0.04296875 0.0359375
2 0.2984375 0.62421875 0.02578125 0.01875
2 0.32890625 0.64140625 0.034375 0.02890625
2 0.3484375 0.62734375 0.03203125 0.01875
2 0.40546875 0.62890625 0.03203125 0.01484375
2 0.38984375 0.646875 0.0390625 0.03203125
2 0.5078125 0.653125 0.040625 0.034375
2 0.4390625 0.6109375 0.03359375 0.028125
2 0.396875 0.60390625 0.0390625 0.02890625
2 0.34453125 0.6015625 0.0390625 0.0234375
2 0.3140625 0.59453125 0.01953125 0.0265625
2 0.2625 0.5859375 0.02578125 0.02421875
2 0.1875 0.590625 0.03671875 0.0234375
2 0.1484375 0.59609375 0.034375 0.02109375
2 0.109375 0.59296875 0.01953125 0.0171875
2 0.44765625 0.65078125 0.05 0.03671875
2 0.77109375 0.66171875 0.03203125 0.03046875
2 0.72578125 0.67109375 0.0390625 0.03828125
2 0.684375 0.66328125 0.03671875 0.03671875
2 0.6015625 0.65234375 0.0265625 0.0265625
2 0.5515625 0.646875 0.02421875 0.02109375
2 0.57265625 0.66484375 0.0359375 0.0265625
2 0.64375 0.65234375 0.03359375 0.02421875
2 0.63046875 0.67421875 0.0453125 0.021875
2 0.8421875 0.69140625 0.02890625 0.0359375
2 0.79609375 0.6875 0.04609375 0.02109375
2 0.809375 0.66328125 0.02421875 0.01875
2 0.471875 0.61484375 0.0265625 0.0171875
2 0.4984375 0.6046875 0.02421875 0.01953125
2 0.52265625 0.61953125 0.02421875 0.01875
2 0.54609375 0.60859375 0.0265625 0.02578125
2 0.7109375 0.6265625 0.04609375 0.03125
2 0.6640625 0.62265625 0.040625 0.028125
2 0.61875 0.61953125 0.04296875 0.03046875
2 0.57890625 0.61796875 0.03828125 0.028125
2 0.37265625 0.57421875 0.04375 0.02578125
2 0.41015625 0.5765625 0.0265625 0.0234375
2 0.29140625 0.571875 0.03203125 0.02109375
2 0.8921875 0.8 0.034375 0.040625
2 0.93125 0.82421875 0.040625 0.03046875
2 0.95546875 0.76328125 0.03828125 0.02890625
2 0.89609375 0.75390625 0.0390625 0.0265625
2 0.8609375 0.73359375 0.04140625 0.0359375
2 0.978125 0.82734375 0.04375 0.04140625
2 0.96953125 0.7953125 0.04609375 0.03203125
2 0.8984375 0.6921875 0.0671875 0.04375
2 0.76328125 0.63203125 0.04296875 0.02578125
2 0.821875 0.628125 0.028125 0.01640625
2 0.84296875 0.64609375 0.03046875 0.0234375
2 0.79765625 0.63984375 0.02578125 0.02109375
2 0.778125 0.60390625 0.034375 0.0265625
2 0.73359375 0.6015625 0.0359375 0.02578125
2 0.69765625 0.596875 0.03359375 0.0265625
2 0.65390625 0.59296875 0.034375 0.0234375
2 0.61015625 0.58828125 0.0359375 0.02109375
2 0.5703125 0.58828125 0.03203125 0.028125
2 0.53203125 0.584375 0.03671875 0.03046875
2 0.48984375 0.5796875 0.05234375 0.028125
2 0.44453125 0.57890625 0.03671875 0.02109375
2 0.33046875 0.56875 0.04765625 0.02421875
2 0.16171875 0.57109375 0.02890625 0.01484375
2 0.37109375 0.55234375 0.0265625 0.02109375
2 0.40703125 0.55390625 0.03203125 0.021875
2 0.446875 0.5546875 0.04140625 0.01875
2 0.29609375 0.55 0.034375 0.01875
2 0.33359375 0.553125 0.03125 0.01640625
2 0.2625 0.55078125 0.0234375 0.0234375
2 0.18359375 0.55703125 0.021875 0.02421875
2 0.69765625 0.55703125 0.02578125 0.01875
2 0.64765625 0.57265625 0.02890625 0.01640625
2 0.615625 0.56796875 0.028125 0.01953125
2 0.57109375 0.56484375 0.0359375 0.0234375
2 0.53359375 0.559375 0.03046875 0.01953125
2 0.48984375 0.559375 0.03671875 0.02109375
2 0.61328125 0.5484375 0.028125 0.01875
2 0.546875 0.54140625 0.03359375 0.0234375
2 0.57890625 0.54453125 0.02890625 0.01953125
2 0.6703125 0.55234375 0.02578125 0.01875
2 0.67734375 0.56953125 0.0234375 0.01640625
2 0.303125 0.53203125 0.02578125 0.0171875
2 0.340625 0.5296875 0.028125 0.02421875
2 0.7296875 0.55234375 0.0265625 0.021875
2 0.71796875 0.5765625 0.02578125 0.02578125
2 0.234375 0.5921875 0.03828125 0.02421875
2 0.26640625 0.846875 0.04609375 0.04140625
2 0.40078125 0.53203125 0.04140625 0.01875
2 0.44453125 0.534375 0.034375 0.0171875
2 0.3671875 0.53203125 0.01875 0.01953125
2 0.2296875 0.53046875 0.0265625 0.01484375
2 0.215625 0.55234375 0.0265625 0.02109375
2 0.20390625 0.56953125 0.028125 0.01640625
2 0.4765625 0.53671875 0.02578125 0.0140625
2 0.51015625 0.54140625 0.034375 0.01484375
2 0.5859375 0.51953125 0.0171875 0.02109375
2 0.6078125 0.5203125 0.01640625 0.0171875
2 0.6453125 0.52578125 0.03125 0.02421875
2 0.675 0.528125 0.028125 0.02109375
2 0.70625 0.528125 0.02109375 0.01953125
2 0.7296875 0.53203125 0.021875 0.021875
2 0.5625 0.51953125 0.02578125 0.02109375
2 0.534375 0.51875 0.02421875 0.01875
2 0.48125 0.515625 0.02578125 0.01953125
2 0.4546875 0.515625 0.0234375 0.01953125
2 0.43046875 0.51171875 0.0234375 0.02109375
2 0.40390625 0.51171875 0.03046875 0.01875
2 0.37578125 0.509375 0.0265625 0.01640625
2 0.3421875 0.50859375 0.03125 0.01484375
2 0.3125 0.5078125 0.028125 0.01953125
2 0.51015625 0.51328125 0.0171875 0.01484375
2 0.284375 0.5078125 0.02421875 0.021875
2 0.21328125 0.5125 0.03125 0.0171875
2 0.246875 0.51171875 0.0359375 0.02109375
2 0.4859375 0.4953125 0.01875 0.01640625
2 0.23125 0.49296875 0.02421875 0.01171875
2 0.4578125 0.49609375 0.02421875 0.0171875
2 0.434375 0.496875 0.02578125 0.01875
2 0.40859375 0.49765625 0.02109375 0.01875
2 0.378125 0.4953125 0.0265625 0.01640625
2 0.346875 0.49921875 0.0265625 0.01875
2 0.31484375 0.49296875 0.02578125 0.01640625
2 0.28828125 0.490625 0.028125 0.01640625