2 0.55390625 0.90859375 0.06796875 0.0484375
2 0.471875 0.91640625 0.084375 0.06171875
2 0.56484375 0.865625 0.0625 0.034375
2 0.48515625 0.871875 0.059375 0.03203125
2 0.6359375 0.903125 0.059375 0.0484375
2 0.653125 0.859375 0.05546875 0.040625
2 0.6125 0.83515625 0.059375 0.0546875
2 0.5390625 0.83203125 0.05703125 0.03671875
2 0.465625 0.8390625 0.071875 0.0578125
2 0.38515625 0.91640625 0.07734375 0.0546875
2 0.375 0.84453125 0.04140625 0.03671875
2 0.39609375 0.871875 0.0453125 0.02890625
2 0.28515625 0.85390625 0.065625 0.053125
2 0.871875 0.8 0.06015625 0.040625
2 0.9609375 0.78984375 0.0546875 0.0453125
2 0.93125 0.83125 0.05703125 0.03203125
2 0.9296875 0.86796875 0.06015625 0.03203125
2 0.68828125 0.8234375 0.05234375 0.04296875
2 0.20703125 0.8625 0.0578125 0.053125
2 0.19765625 0.93359375 0.0765625 0.0546875
2 0.284375 0.9203125 0.0859375 0.06484375
2 0.82734375 0.7375 0.0359375 0.03046875
2 0.79921875 0.715625 0.03828125 0.021875
2 0.73515625 0.7453125 0.04765625 0.034375
2 0.92265625 0.71875 0.04296875 0.02578125
2 0.94296875 0.67265625 0.03125 0.0234375
2 0.8765625 0.675 0.02890625 0.0265625
2 0.62578125 0.73359375 0.034375 0.021875
2 0.66015625 0.74921875 0.0546875 0.03671875
2 0.32265625 0.77421875 0.0578125 0.04609375
2 0.1796875 0.78671875 0.03203125 0.03046875
2 0.8421875 0.6640625 0.02421875 0.021875
2 0.81171875 0.68203125 0.0390625 0.0359375
2 0.771875 0.66796875 0.04375 0.03203125
2 0.72734375 0.684375 0.04765625 0.03671875
2 0.6703125 0.68828125 0.02578125 0.02421875
2 0.64375 0.69609375 0.02578125 0.01953125
2 0.6328125 0.6734375 0.03125 0.0234375
2 0.60234375 0.69296875 0.0359375 0.03203125
2 0.56640625 0.6828125 0.0265625 0.01640625
2 0.5328125 0.703125 0.03125 0.021875
2 0.49609375 0.690625 0.03125 0.02109375
2 0.4640625 0.7046875 0.03203125 0.01875
2 0.4328125 0.69609375 0.034375 0.0265625
2 0.36640625 0.6984375 0.03359375 0.02421875
2 0.38359375 0.71796875 0.04296875 0.03046875
2 0.3125 0.72578125 0.04609375 0.028125
2 0.31171875 0.70078125 0.03046875 0.02421875
2 0.24921875 0.7078125 0.028125 0.01953125
2 0.25234375 0.73359375 0.0390625 0.034375
2 0.1890625 0.71953125 0.03359375 0.02421875
2 0.98515625 0.6609375 0.028125 0.03671875
2 0.17734375 0.74921875 0.04609375 0.03046875
2 0.15234375 0.8125 0.02890625 0.02578125
2 0.4984375 0.76484375 0.05703125 0.03203125
2 0.46796875 0.74453125 0.04765625 0.02890625
2 0.54609375 0.7390625 0.04765625 0.03125
2 0.5703125 0.76171875 0.06953125 0.0390625
2 0.90390625 0.634375 0.034375 0.01875
2 0.86953125 0.6203125 0.0359375 0.02578125
2 0.8359375 0.63203125 0.0171875 0.0234375
2 0.80703125 0.621875 0.03046875 0.02578125
2 0.7890625 0.63828125 0.02890625 0.0171875
2 0.76328125 0.62265625 0.0359375 0.028125
2 0.72890625 0.6359375 0.04296875 0.0359375
2 0.7015625 0.62421875 0.02578125 0.01875
2 0.67109375 0.64140625 0.034375 0.02890625
2 0.6515625 0.62734375 0.03203125 0.01875
2 0.59453125 0.62890625 0.03203125 0.01484375
2 0.61015625 0.646875 0.0390625 0.03203125
2 0.4921875 0.653125 0.040625 0.034375
2 0.5609375 0.6109375 0.03359375 0.028125
2 0.603125 0.60390625 0.0390625 0.02890625
2 0.65546875 0.6015625 0.0390625 0.0234375
2 0.6859375 0.59453125 0.01953125 0.0265625
2 0.7375 0.5859375 0.02578125 0.02421875
2 0.8125 0.590625 0.03671875 0.0234375
2 0.8515625 0.59609375 0.034375 0.02109375
2 0.890625 0.59296875 0.01953125 0.0171875
2 0.55234375 0.65078125 0.05 0.03671875
2 0.22890625 0.66171875 0.03203125 0.03046875
2 0.27421875 0.67109375 0.0390625 0.03828125
2 0.315625 0.66328125 0.03671875 0.03671875
2 0.3984375 0.65234375 0.0265625 0.0265625
2 0.4484375 0.646875 0.02421875 0.02109375
2 0.42734375 0.66484375 0.0359375 0.0265625
2 0.35625 0.65234375 0.03359375 0.02421875
2 0.36953125 0.67421875 0.0453125 0.021875
2 0.1578125 0.69140625 0.02890625 0.0359375
2 0.20390625 0.6875 0.04609375 0.02109375
2 0.190625 0.66328125 0.02421875 0.01875
2 0.528125 0.61484375 0.0265625 0.0171875
2 0.5015625 0.6046875 0.02421875 0.01953125
2 0.47734375 0.61953125 0.02421875 0.01875
2 0.45390625 0.60859375 0.0265625 0.02578125
2 0.2890625 0.6265625 0.04609375 0.03125
2 0.3359375 0.62265625 0.040625 0.028125
2 0.38125 0.61953125 0.04296875 0.03046875
2 0.42109375 0.61796875 0.03828125 0.028125
2 0.62734375 0.57421875 0.04375 0.02578125
2 0.58984375 0.5765625 0.0265625 0.0234375
2 0.70859375 0.571875 0.03203125 0.02109375
2 0.1078125 0.8 0.034375 0.040625
2 0.06875 0.82421875 0.040625 0.03046875
2 0.04453125 0.76328125 0.03828125 0.02890625
2 0.10390625 0.75390625 0.0390625 0.0265625
2 0.1390625 0.73359375 0.04140625 0.0359375
2 0.021875 0.82734375 0.04375 0.04140625
2 0.03046875 0.7953125 0.04609375 0.03203125
2 0.1015625 0.6921875 0.0671875 0.04375
2 0.23671875 0.63203125 0.04296875 0.02578125
2 0.178125 0.628125 0.028125 0.01640625
2 0.15703125 0.64609375 0.03046875 0.0234375
2 0.20234375 0.63984375 0.02578125 0.02109375
2 0.221875 0.60390625 0.034375 0.0265625
2 0.26640625 0.6015625 0.0359375 0.02578125
2 0.30234375 0.596875 0.03359375 0.0265625
2 0.34609375 0.59296875 0.034375 0.0234375
2 0.38984375 0.58828125 0.0359375 0.02109375
2 0.4296875 0.58828125 0.03203125 0.028125
2 0.46796875 0.584375 0.03671875 0.03046875
2 0.51015625 0.5796875 0.05234375 0.028125
2 0.55546875 0.57890625 0.03671875 0.02109375
2 0.66953125 0.56875 0.04765625 0.02421875
2 0.83828125 0.57109375 0.02890625 0.01484375
2 0.62890625 0.55234375 0.0265625 0.02109375
2 0.59296875 0.55390625 0.03203125 0.021875
2 0.553125 0.5546875 0.04140625 0.01875
2 0.70390625 0.55 0.034375 0.01875
2 0.66640625 0.553125 0.03125 0.01640625
2 0.7375 0.55078125 0.0234375 0.0234375
2 0.81640625 0.55703125 0.021875 0.02421875
2 0.30234375 0.55703125 0.02578125 0.01875
2 0.35234375 0.57265625 0.02890625 0.01640625
2 0.384375 0.56796875 0.028125 0.01953125
2 0.42890625 0.56484375 0.0359375 0.0234375
2 0.46640625 0.559375 0.03046875 0.01953125
2 0.51015625 0.559375 0.03671875 0.02109375
2 0.38671875 0.5484375 0.028125 0.01875
2 0.453125 0.54140625 0.03359375 0.0234375
2 0.42109375 0.54453125 0.02890625 0.01953125
2 0.3296875 0.55234375 0.02578125 0.01875
2 0.32265625 0.56953125 0.0234375 0.01640625
2 0.696875 0.53203125 0.02578125 0.0171875
2 0.659375 0.5296875 0.028125 0.02421875
2 0.2703125 0.55234375 0.0265625 0.021875
2 0.28203125 0.5765625 0.02578125 0.02578125
2 0.765625 0.5921875 0.03828125 0.02421875
2 0.73359375 0.846875 0.04609375 0.04140625
2 0.59921875 0.53203125 0.04140625 0.01875
2 0.55546875 0.534375 0.034375 0.0171875
2 0.6328125 0.53203125 0.01875 0.01953125
2 0.7703125 0.53046875 0.0265625 0.01484375
2 0.784375 0.55234375 0.0265625 0.02109375
2 0.79609375 0.56953125 0.028125 0.01640625
2 0.5234375 0.53671875 0.02578125 0.0140625
2 0.48984375 0.54140625 0.034375 0.01484375
2 0.4140625 0.51953125 0.0171875 0.02109375
2 0.3921875 0.5203125 0.01640625 0.0171875
2 0.3546875 0.52578125 0.03125 0.02421875
2 0.325 0.528125 0.028125 0.02109375
2 0.29375 0.528125 0.02109375 0.01953125
2 0.2703125 0.53203125 0.021875 0.021875
2 0.4375 0.51953125 0.02578125 0.02109375
2 0.465625 0.51875 0.02421875 0.01875
2 0.51875 0.515625 0.02578125 0.01953125
2 0.5453125 0.515625 0.0234375 0.01953125
2 0.56953125 0.51171875 0.0234375 0.02109375
2 0.59609375 0.51171875 0.03046875 0.01875
2 0.62421875 0.509375 0.0265625 0.01640625
2 0.6578125 0.50859375 0.03125 0.01484375
2 0.6875 0.5078125 0.028125 0.01953125
2 0.48984375 0.51328125 0.0171875 0.01484375
2 0.715625 0.5078125 0.02421875 0.021875
2 0.78671875 0.5125 0.03125 0.0171875
2 0.753125 0.51171875 0.0359375 0.02109375
2 0.5140625 0.4953125 0.01875 0.01640625
2 0.76875 0.49296875 0.02421875 0.01171875
2 0.5421875 0.49609375 0.02421875 0.0171875
2 0.565625 0.496875 0.02578125 0.01875
2 0.59140625 0.49765625 0.02109375 0.01875
2 0.621875 0.4953125 0.0265625 0.01640625
2 0.653125 0.49921875 0.0265625 0.01875
2 0.68515625 0.49296875 0.02578125 0.01640625
2 0.71171875 0.490625 0.028125 0.01640625