2 0.3109375 0.81640625 0.19296875 0.15625
2 0.60625 0.6625 0.26953125 0.14453125
2 0.68203125 0.83671875 0.25 0.221875
2 0.86875 0.35390625 0.128125 0.08203125
2 0.596875 0.54140625 0.21875 0.1109375
2 0.34765625 0.3625 0.1171875 0.07421875
2 0.34921875 0.303125 0.11484375 0.0625
2 0.31875 0.23671875 0.10546875 0.0703125
2 0.340625 0.528125 0.17109375 0.1015625
2 0.33125 0.44296875 0.1734375 0.07734375
2 0.5296875 0.47109375 0.1703125 0.06015625
2 0.50234375 0.3890625 0.134375 0.09921875
2 0.47890625 0.31796875 0.11328125 0.05234375
2 0.76796875 0.278125 0.065625 0.0390625
2 0.83046875 0.29921875 0.07265625 0.0546875
2 0.74375 0.24453125 0.0703125 0.05078125
2 0.45703125 0.2640625 0.07421875 0.05078125
2 0.440625 0.221875 0.09609375 0.05234375
2 0.6921875 0.2375 0.0671875 0.0625
2 0.04140625 0.278125 0.08125 0.06015625
2 0.16875 0.953125 0.1609375 0.09375
2 0.7859375 0.21328125 0.071875 0.05078125
2 0.0203125 0.2265625 0.03828125 0.04609375
2 0.91640625 0.26953125 0.0625 0.0765625
2 0.121875 0.2265625 0.06953125 0.04609375
2 0.153125 0.19765625 0.06015625 0.04296875
2 0.12265625 0.1765625 0.05078125 0.03125
2 0.07265625 0.20390625 0.053125 0.0484375
2 0.01875 0.17265625 0.034375 0.04296875
2 0.046875 0.1640625 0.0265625 0.028125
2 0.075 0.15546875 0.0265625 0.0265625
2 0.10078125 0.15546875 0.02578125 0.02109375
2 0.12578125 0.1484375 0.01953125 0.02421875
2 0.1484375 0.1484375 0.03125 0.01953125
2 0.975 0.1484375 0.040625 0.01953125
2 0.98046875 0.16875 0.03671875 0.02578125
2 0.93203125 0.14375 0.0234375 0.0171875
2 0.93828125 0.1703125 0.02578125 0.0140625
2 0.91640625 0.1609375 0.01953125 0.0140625
2 0.85390625 0.19140625 0.05 0.03125
2 0.8671875 0.16640625 0.03125 0.0234375
2 0.921875 0.20234375 0.03125 0.02421875
2 0.9046875 0.1796875 0.03359375 0.01953125
2 0.89921875 0.14375 0.02109375 0.01953125
2 0.63671875 0.215625 0.0484375 0.03671875