2 0.4265625 0.8109375 0.1078125 0.084375
2 0.42109375 0.89609375 0.08828125 0.09375
2 0.06640625 0.8859375 0.0796875 0.0703125
2 0.04453125 0.97109375 0.0609375 0.0578125
2 0.2 0.83203125 0.09375 0.08828125
2 0.215625 0.7578125 0.07421875 0.053125
2 0.70546875 0.6 0.065625 0.059375
2 0.55078125 0.63515625 0.07421875 0.053125
2 0.45546875 0.7015625 0.05703125 0.05078125
2 0.45859375 0.6328125 0.05703125 0.053125
2 0.46640625 0.58359375 0.07421875 0.04296875
2 0.5390625 0.6859375 0.08828125 0.0546875
2 0.54140625 0.73828125 0.0671875 0.0484375
2 0.2109375 0.60859375 0.05703125 0.0484375
2 0.28359375 0.57265625 0.03671875 0.04296875
2 0.284375 0.51015625 0.0625 0.04296875
2 0.23828125 0.44375 0.053125 0.05234375
2 0.03203125 0.6484375 0.06171875 0.0546875
2 0.06015625 0.5734375 0.0484375 0.03359375
2 0.0765625 0.3984375 0.04609375 0.03359375
2 0.021875 0.38984375 0.034375 0.02578125
2 0.09375 0.6546875 0.05078125 0.04296875
2 0.1328125 0.74453125 0.0625 0.05078125
2 0.175 0.675 0.08125 0.06484375
2 0.76015625 0.76484375 0.06796875 0.059375
2 0.75546875 0.81875 0.07734375 0.05234375
2 0.45703125 0.378125 0.04609375 0.03828125
2 0.4578125 0.33203125 0.05 0.034375
2 0.4578125 0.41640625 0.04296875 0.03125
2 0.63359375 0.41875 0.03125 0.03125
2 0.646875 0.45234375 0.0390625 0.028125
2 0.703125 0.5609375 0.0546875 0.02890625
2 0.51953125 0.4125 0.05078125 0.040625
2 0.509375 0.45390625 0.0390625 0.03671875
2 0.53359375 0.5859375 0.05078125 0.0453125
2 0.51015625 0.3703125 0.05078125 0.034375
2 0.50390625 0.33046875 0.04296875 0.03125
2 0.309375 0.35390625 0.03671875 0.05078125
2 0.2640625 0.34375 0.0578125 0.05078125
2 0.24765625 0.40703125 0.03671875 0.01953125
2 0.2609375 0.38046875 0.03125 0.021875
2 0.028125 0.31875 0.03671875 0.0265625
2 0.07265625 0.26640625 0.03046875 0.02578125
2 0.12109375 0.3265625 0.03125 0.02578125
2 0.15859375 0.271875 0.034375 0.02578125
2 0.13515625 0.29140625 0.03671875 0.02109375
2 0.45390625 0.30234375 0.03671875 0.0234375
2 0.4484375 0.28125 0.03125 0.02578125
2 0.6328125 0.378125 0.04609375 0.0390625
2 0.62421875 0.33046875 0.04296875 0.04296875
2 0.96796875 0.49453125 0.04609375 0.03671875
2 0.98671875 0.5265625 0.0265625 0.03671875
2 0.6078125 0.2875 0.0390625 0.03125
2 0.5859375 0.2625 0.04296875 0.0265625
2 0.1 0.2890625 0.03359375 0.02578125
2 0.04921875 0.2890625 0.04296875 0.01953125
2 0.08828125 0.315625 0.028125 0.02890625
2 0.934375 0.56171875 0.0484375 0.0546875
2 0.86015625 0.42421875 0.0484375 0.059375
2 0.91015625 0.5046875 0.0546875 0.053125
2 0.98671875 0.34296875 0.0265625 0.034375
2 0.98828125 0.31328125 0.0234375 0.0265625
2 0.94765625 0.31171875 0.05078125 0.04296875
2 0.92265625 0.2875 0.0484375 0.02890625
2 0.96953125 0.28046875 0.0359375 0.04375
2 0.89296875 0.2703125 0.0453125 0.03125
2 0.928125 0.25625 0.03671875 0.03125
2 0.83828125 0.3046875 0.0453125 0.04296875
2 0.78515625 0.30546875 0.0453125 0.04609375
2 0.86484375 0.3421875 0.034375 0.02890625
2 0.90234375 0.378125 0.04296875 0.05703125
2 0.75859375 0.27578125 0.05234375 0.028125
2 0.809375 0.27421875 0.03671875 0.02578125
2 0.42578125 0.1765625 0.02578125 0.021875
2 0.465625 0.17734375 0.03046875 0.02578125
2 0.43359375 0.1953125 0.03125 0.01953125
2 0.4421875 0.22109375 0.03671875 0.028125
2 0.44765625 0.25546875 0.04296875 0.03359375
2 0.4921875 0.2890625 0.03125 0.028125
2 0.48671875 0.25546875 0.0359375 0.03125
2 0.1234375 0.26796875 0.03125 0.021875
2 0.175 0.25078125 0.03125 0.03125
2 0.159375 0.228125 0.02421875 0.02578125
2 0.13515625 0.24375 0.02578125 0.02890625
2 0.4671875 0.2015625 0.03125 0.02109375
2 0.48125 0.22421875 0.03359375 0.02578125
2 0.578125 0.2328125 0.04296875 0.028125
2 0.56171875 0.209375 0.040625 0.03203125
2 0.6078125 0.20625 0.04609375 0.03046875
2 0.59296875 0.178125 0.03671875 0.01875
2 0.57734375 0.15703125 0.034375 0.021875
2 0.546875 0.17265625 0.03125 0.03203125
2 0.69609375 0.35625 0.06328125 0.0453125
2 0.22109375 0.54296875 0.0390625 0.03671875
2 0.0859375 0.81171875 0.103125 0.08203125
2 0.78203125 0.60234375 0.05703125 0.040625
2 0.04765625 0.20859375 0.03046875 0.0125
2 0.07109375 0.18671875 0.021875 0.02109375
2 0.09140625 0.15390625 0.028125 0.0140625
2 0.134375 0.14453125 0.0234375 0.01875
2 0.1234375 0.12421875 0.01953125 0.01640625
2 0.14375 0.13046875 0.01875 0.01640625
2 0.16328125 0.11484375 0.02578125 0.01640625
2 0.19921875 0.08046875 0.01875 0.0265625
2 0.2328125 0.16953125 0.028125 0.0171875
2 0.22421875 0.18984375 0.021875 0.0234375
2 0.31171875 0.04140625 0.021875 0.0171875
2 0.534375 0.1484375 0.028125 0.01953125
2 0.5640625 0.13984375 0.02421875 0.01953125
2 0.5671875 0.1234375 0.02578125 0.01484375
2 0.5625 0.11015625 0.02578125 0.0140625
2 0.53203125 0.13203125 0.02890625 0.0140625
2 0.53203125 0.1171875 0.0265625 0.01484375
2 0.53046875 0.10390625 0.021875 0.01484375
2 0.45625 0.12578125 0.0265625 0.01875
2 0.45703125 0.1421875 0.0234375 0.0140625
2 0.42421875 0.12578125 0.0265625 0.01640625
2 0.63203125 0.128125 0.03046875 0.0265625
2 0.67109375 0.13671875 0.028125 0.01875
2 0.925 0.415625 0.0453125 0.02578125
2 0.984375 0.21171875 0.03125 0.01875
2 0.46328125 0.1 0.02421875 0.0265625
2 0.77265625 0.16640625 0.021875 0.01640625
2 0.79140625 0.1859375 0.0359375 0.01953125
2 0.653125 0.1625 0.03203125 0.01484375
2 0.659375 0.18125 0.03828125 0.0171875
2 0.7 0.184375 0.03125 0.01875
2 0.7546875 0.22890625 0.03671875 0.0234375
2 0.7421875 0.25625 0.04140625 0.01953125
2 0.9359375 0.2109375 0.03125 0.028125
2 0.95859375 0.22890625 0.03671875 0.02578125
2 0.9734375 0.1859375 0.04375 0.02890625
2 0.92890625 0.159375 0.0265625 0.02578125
2 0.89375 0.1640625 0.03125 0.02421875
2 0.91875 0.18671875 0.03671875 0.0234375
2 0.75546875 0.1484375 0.0234375 0.02890625
2 0.2765625 0.08046875 0.02109375 0.01953125
2 0.34296875 0.06796875 0.01953125 0.01875
2 0.340625 0.090625 0.03125 0.02421875
2 0.25078125 0.028125 0.03203125 0.01953125
2 0.2125 0.04296875 0.02890625 0.01640625
2 0.2359375 0.04921875 0.01171875 0.01953125
2 0.17734375 0.0734375 0.0234375 0.01953125
2 0.2578125 0.07578125 0.021875 0.01484375
2 0.3171875 0.32265625 0.03203125 0.0171875
2 0.22578125 0.49921875 0.03203125 0.0265625
2 0.10546875 0.4765625 0.03046875 0.021875
2 0.0578125 0.46640625 0.03046875 0.03046875
2 0.15859375 0.48828125 0.028125 0.02578125
2 0.3671875 0.09296875 0.01875 0.01640625
2 0.2734375 0.05234375 0.021875 0.01484375
2 0.7828125 0.1453125 0.02421875 0.021875
2 0.86015625 0.24765625 0.03125 0.02109375
2 0.4359375 0.97578125 0.125 0.0484375
2 0.7359375 0.659375 0.03359375 0.04765625
2 0.7625 0.5703125 0.040625 0.0265625
2 0.74765625 0.7046875 0.08359375 0.04296875
2 0.93828125 0.4421875 0.05546875 0.0265625
2 0.978125 0.60703125 0.04375 0.02890625
2 0.884375 0.91171875 0.06484375 0.0578125
2 0.46171875 0.47734375 0.040625 0.03203125
2 0.5375 0.5453125 0.04765625 0.03046875