2 0.7109375 0.8203125 0.10078125 0.0671875
2 0.9484375 0.9625 0.10078125 0.075
2 0.86484375 0.63046875 0.08203125 0.0625
2 0.884375 0.79921875 0.06953125 0.07265625
2 0.803125 0.41328125 0.053125 0.028125
2 0.778125 0.340625 0.09453125 0.05703125
2 0.6859375 0.43671875 0.06796875 0.0484375
2 0.29609375 0.48203125 0.0625 0.05703125
2 0.24375 0.59921875 0.084375 0.08828125
2 0.1953125 0.75390625 0.10390625 0.06328125
2 0.1359375 0.9375 0.059375 0.0859375
2 0.03828125 0.64140625 0.0765625 0.05078125
2 0.0890625 0.55234375 0.071875 0.05546875
2 0.11953125 0.42890625 0.08671875 0.07734375
2 0.15546875 0.35625 0.075 0.0484375
2 0.30625 0.3265625 0.08671875 0.05078125
2 0.29453125 0.3984375 0.084375 0.05234375
2 0.3359375 0.259375 0.0984375 0.0484375
2 0.74921875 0.2765625 0.05078125 0.0390625
2 0.74453125 0.21875 0.03828125 0.0390625
2 0.7453125 0.16875 0.05078125 0.03671875
2 0.73359375 0.121875 0.05546875 0.040625
2 0.66640625 0.35234375 0.05546875 0.06796875
2 0.6625 0.28046875 0.075 0.0390625
2 0.71328125 0.5671875 0.059375 0.04609375
2 0.84453125 0.49375 0.06953125 0.0546875
2 0.64375 0.02265625 0.0625 0.04296875
2 0.7265625 0.05859375 0.05 0.040625
2 0.63984375 0.0859375 0.06171875 0.03828125
2 0.64921875 0.1234375 0.04140625 0.03828125
2 0.65390625 0.16953125 0.0671875 0.05234375
2 0.653125 0.21328125 0.065625 0.04296875
2 0.34765625 0.15859375 0.0703125 0.0390625
2 0.34296875 0.2109375 0.0484375 0.04375
2 0.39453125 0.1109375 0.0578125 0.04609375
2 0.24140625 0.2109375 0.05703125 0.04765625
2 0.30234375 0.04375 0.03203125 0.03359375
2 0.39765625 0.04609375 0.06171875 0.02890625
2 0.40625 0.07890625 0.04375 0.028125
2 0.28125 0.08125 0.04140625 0.040625
2 0.259375 0.11484375 0.0671875 0.034375
2 0.246875 0.1625 0.06328125 0.05
2 0.2109375 0.27578125 0.04375 0.03125
2 0.97265625 0.14609375 0.05 0.0484375