0 0.40546875 0.78671875 0.165625 0.26875
0 0.2703125 0.74609375 0.121875 0.25
0 0.115625 0.7703125 0.1140625 0.26875
0 0.34609375 0.5625 0.103125 0.18984375
0 0.4375 0.59140625 0.0765625 0.15234375
0 0.5671875 0.81640625 0.16875 0.23671875
0 0.58046875 0.61953125 0.1265625 0.14375
0 0.703125 0.665625 0.1125 0.14921875
0 0.76328125 0.83046875 0.140625 0.26875
0 0.9171875 0.675 0.1640625 0.14140625
0 0.91484375 0.86796875 0.1671875 0.26328125
0 0.5703125 0.46484375 0.10625 0.1546875
0 0.68515625 0.4765625 0.071875 0.14375
0 0.5828125 0.34921875 0.1421875 0.12265625
0 0.4609375 0.41875 0.1078125 0.16328125
0 0.21171875 0.40234375 0.0828125 0.13828125
0 0.3265625 0.325 0.115625 0.09765625
0 0.3703125 0.4265625 0.0921875 0.1140625
0 0.73125 0.37109375 0.1515625 0.08984375
0 0.784375 0.48671875 0.1390625 0.1796875
0 0.91484375 0.51796875 0.1328125 0.16875
0 0.93984375 0.35625 0.0921875 0.1140625
0 0.85390625 0.36015625 0.0828125 0.12265625
0 0.73671875 0.2625 0.08125 0.125
0 0.65859375 0.25390625 0.0671875 0.0953125
0 0.5828125 0.2390625 0.075 0.10078125
0 0.49140625 0.25390625 0.0609375 0.12734375
0 0.809375 0.11796875 0.0765625 0.09765625
0 0.74375 0.11953125 0.065625 0.0921875
0 0.6625 0.1265625 0.0640625 0.10625
0 0.9296875 0.12265625 0.0890625 0.0953125
0 0.91484375 0.2609375 0.0984375 0.11953125
0 0.82890625 0.26484375 0.075 0.12265625
0 0.29453125 0.1171875 0.059375 0.0921875
0 0.35859375 0.1140625 0.0484375 0.08671875
0 0.40859375 0.11796875 0.06875 0.09765625
0 0.475 0.13203125 0.0625 0.103125
0 0.17734375 0.23671875 0.121875 0.12265625
0 0.28671875 0.23125 0.071875 0.12734375
0 0.36171875 0.22421875 0.0953125 0.1171875
0 0.07578125 0.55703125 0.1515625 0.16328125
0 0.225 0.56015625 0.1203125 0.14375