0 0.4953125 0.91015625 0.1546875 0.1796875
0 0.334375 0.88671875 0.171875 0.2265625
0 0.63046875 0.6375 0.084375 0.14921875
0 0.56640625 0.50546875 0.103125 0.09765625
0 0.53515625 0.61796875 0.0796875 0.125
0 0.453125 0.56484375 0.0765625 0.14375
0 0.359375 0.57578125 0.0765625 0.11953125
0 0.34296875 0.4921875 0.0734375 0.10859375
0 0.2234375 0.5546875 0.078125 0.13046875
0 0.953125 0.8421875 0.09375 0.12265625
0 0.81328125 0.8359375 0.1453125 0.125
0 0.65625 0.91171875 0.128125 0.1765625
0 0.53046875 0.78359375 0.1546875 0.11953125
0 0.38984375 0.71484375 0.1109375 0.1359375
0 0.2703125 0.71640625 0.11875 0.12265625
0 0.19609375 0.87109375 0.1140625 0.2390625
0 0.1171875 0.68046875 0.0953125 0.14921875
0 0.06875 0.87890625 0.1375 0.22265625
0 0.03203125 0.66875 0.0640625 0.17421875
0 0.73125 0.540625 0.109375 0.10625
0 0.72890625 0.6546875 0.096875 0.125
0 0.83828125 0.56796875 0.096875 0.125
0 0.8484375 0.6984375 0.1234375 0.12265625
0 0.940625 0.5515625 0.103125 0.10859375
0 0.6375 0.428125 0.0484375 0.10078125
0 0.5609375 0.43359375 0.0828125 0.08984375
0 0.48515625 0.42109375 0.0671875 0.103125
0 0.71796875 0.4296875 0.078125 0.11171875
0 0.79765625 0.44453125 0.065625 0.08984375
0 0.865625 0.4390625 0.0734375 0.0953125
0 0.659375 0.29609375 0.065625 0.09765625
0 0.72890625 0.29609375 0.0609375 0.08125
0 0.7984375 0.29765625 0.0703125 0.0921875
0 0.60234375 0.3015625 0.05 0.084375
0 0.54453125 0.2890625 0.0640625 0.084375
0 0.4796875 0.31015625 0.05625 0.0734375
0 0.87421875 0.3640625 0.075 0.0703125
0 0.79765625 0.3734375 0.071875 0.06484375
0 0.3734375 0.40234375 0.0828125 0.08125
0 0.27890625 0.39375 0.071875 0.09765625
0 0.1234375 0.553125 0.0703125 0.0921875