0 0.58828125 0.8515625 0.1515625 0.27421875
0 0.75 0.83125 0.1234375 0.2796875
0 0.89453125 0.8328125 0.1375 0.334375
0 0.44453125 0.87734375 0.1625 0.23671875
0 0.4359375 0.68359375 0.1359375 0.13828125
0 0.56875 0.66171875 0.1140625 0.16015625
0 0.70078125 0.6328125 0.171875 0.14375
0 0.91640625 0.6140625 0.1515625 0.165625
0 0.2734375 0.90625 0.15 0.1875
0 0.28984375 0.73125 0.1359375 0.1328125
0 0.1140625 0.74296875 0.1546875 0.12265625
0 0.11875 0.903125 0.203125 0.19375
0 0.43203125 0.50703125 0.1046875 0.16875
0 0.31484375 0.521875 0.0859375 0.16015625
0 0.53359375 0.46875 0.0859375 0.1765625
0 0.63359375 0.5015625 0.0890625 0.1546875
0 0.21953125 0.54375 0.096875 0.11953125
0 0.24375 0.43359375 0.1171875 0.103125
0 0.1078125 0.58046875 0.1140625 0.13828125
0 0.14609375 0.446875 0.1078125 0.1171875
0 0.04453125 0.43203125 0.0890625 0.0921875
0 0.26796875 0.31484375 0.0953125 0.10859375
0 0.35390625 0.32578125 0.065625 0.125
0 0.4265625 0.3140625 0.06875 0.1171875
0 0.421875 0.39375 0.1234375 0.08125
0 0.515625 0.321875 0.071875 0.125
0 0.11953125 0.334375 0.084375 0.1171875
0 0.1875 0.33046875 0.065625 0.103125
0 0.03984375 0.334375 0.0703125 0.125
0 0.0859375 0.178125 0.0796875 0.103125
0 0.2046875 0.18046875 0.0828125 0.1328125
0 0.27734375 0.18359375 0.0515625 0.10625
0 0.34921875 0.18046875 0.0671875 0.08984375
0 0.678125 0.38203125 0.071875 0.103125
0 0.79296875 0.4796875 0.090625 0.1140625
0 0.77421875 0.3671875 0.1046875 0.11953125
0 0.90078125 0.4578125 0.0859375 0.11953125
0 0.88125 0.34765625 0.065625 0.08984375
0 0.9578125 0.37265625 0.084375 0.1140625
0 0.56953125 0.25 0.071875 0.08984375
0 0.66015625 0.28359375 0.0671875 0.10078125
0 0.73828125 0.28828125 0.0546875 0.1171875
0 0.8015625 0.28125 0.05 0.09765625
0 0.4125 0.18515625 0.05 0.10625
0 0.47109375 0.18203125 0.0546875 0.07890625
0 0.53515625 0.1953125 0.0625 0.08125
0 0.6015625 0.15078125 0.0421875 0.08671875