0 0.38984375 0.6640625 0.1109375 0.146875
0 0.49375 0.63984375 0.1 0.146875
0 0.59453125 0.62265625 0.0984375 0.14921875
0 0.29140625 0.68984375 0.0953125 0.1578125
0 0.3703125 0.54375 0.0984375 0.11171875
0 0.6984375 0.91796875 0.1375 0.1640625
0 0.83671875 0.9046875 0.1375 0.18984375
0 0.553125 0.93046875 0.1484375 0.13828125
0 0.47265625 0.45546875 0.0765625 0.12734375
0 0.3921875 0.93828125 0.15625 0.1234375
0 0.059375 0.925 0.11875 0.14921875
0 0.19140625 0.95234375 0.1234375 0.0953125
0 0.39453125 0.825 0.121875 0.12734375
0 0.51796875 0.803125 0.1203125 0.1328125
0 0.61484375 0.7734375 0.115625 0.1546875
0 0.72421875 0.75546875 0.09375 0.146875
0 0.19609375 0.58125 0.11875 0.08984375
0 0.86171875 0.73125 0.1390625 0.16875
0 0.953125 0.89765625 0.09375 0.2046875
0 0.74140625 0.59140625 0.0953125 0.13046875
0 0.63203125 0.51640625 0.0859375 0.10078125
0 0.55078125 0.52734375 0.0734375 0.0953125
0 0.1828125 0.70625 0.1234375 0.15234375
0 0.2328125 0.46328125 0.0953125 0.14140625
0 0.146875 0.49609375 0.0671875 0.1140625
0 0.0578125 0.74296875 0.10625 0.15234375
0 0.0703125 0.6046875 0.1234375 0.12734375
0 0.059375 0.4875 0.0984375 0.10078125
0 0.39296875 0.45234375 0.0796875 0.10859375
0 0.31484375 0.45078125 0.0671875 0.1171875
0 0.28125 0.8765625 0.0890625 0.165625
0 0.30546875 0.3234375 0.06875 0.0953125
0 0.36875 0.33125 0.0578125 0.08125
0 0.43125 0.325 0.0640625 0.08125
0 0.23203125 0.32734375 0.0875 0.0921875
0 0.15390625 0.3421875 0.0703125 0.08125
0 0.0296875 0.34375 0.0546875 0.08984375
0 0.50390625 0.32734375 0.0625 0.10078125
0 0.76953125 0.415625 0.0984375 0.10625
0 0.68828125 0.415625 0.075 0.10078125
0 0.61328125 0.4140625 0.0828125 0.08671875
0 0.54609375 0.43046875 0.078125 0.09765625
0 0.959375 0.6953125 0.08125 0.165625
0 0.83828125 0.57734375 0.0890625 0.12265625
0 0.94296875 0.56953125 0.1 0.1140625
0 0.09765625 0.31015625 0.0625 0.0734375
0 0.596875 0.3015625 0.0609375 0.084375
0 0.22109375 0.2515625 0.075 0.07578125
0 0.15625 0.24609375 0.0609375 0.08125
0 0.09453125 0.2421875 0.059375 0.07578125
0 0.03203125 0.259375 0.0640625 0.09765625
0 0.40390625 0.25234375 0.059375 0.07890625
0 0.459375 0.2515625 0.0515625 0.06796875
0 0.33203125 0.26484375 0.065625 0.06796875
0 0.66171875 0.29921875 0.053125 0.09765625
0 0.734375 0.303125 0.071875 0.09765625
0 0.871875 0.40234375 0.08125 0.09765625
0 0.96015625 0.48671875 0.0796875 0.1359375
0 0.80390625 0.2796875 0.0609375 0.09765625
0 0.275 0.2515625 0.0515625 0.08125
0 0.6140625 0.23203125 0.065625 0.0625