0 0.315625 0.83984375 0.1515625 0.2578125
0 0.4609375 0.89140625 0.1390625 0.2171875
0 0.5109375 0.72421875 0.140625 0.165625
0 0.64921875 0.7515625 0.1375 0.15234375
0 0.8015625 0.79765625 0.1578125 0.1328125
0 0.92578125 0.803125 0.14375 0.14375
0 0.6234375 0.91796875 0.153125 0.1640625
0 0.61953125 0.56484375 0.0796875 0.125
0 0.54765625 0.43359375 0.1 0.08125
0 0.52734375 0.54609375 0.09375 0.13828125
0 0.71171875 0.4984375 0.10625 0.11171875
0 0.83359375 0.49453125 0.115625 0.09765625
0 0.71171875 0.61015625 0.0953125 0.09765625
0 0.8390625 0.62890625 0.13125 0.13828125
0 0.9484375 0.49453125 0.103125 0.0953125
0 0.93359375 0.615625 0.1125 0.14921875
0 0.42734375 0.425 0.1015625 0.11953125
0 0.30859375 0.415625 0.103125 0.0921875
0 0.4328125 0.5203125 0.09375 0.13828125
0 0.3453125 0.53125 0.0578125 0.0921875
0 0.35546875 0.65078125 0.1375 0.13046875
0 0.2265625 0.63203125 0.1109375 0.11953125
0 0.1921875 0.77890625 0.13125 0.20625
0 0.07578125 0.584375 0.1515625 0.16015625
0 0.06328125 0.8 0.1265625 0.24765625
0 0.2046875 0.48125 0.109375 0.12734375
0 0.55859375 0.36171875 0.053125 0.08671875
0 0.6171875 0.384375 0.06875 0.10078125
0 0.7046875 0.37890625 0.09375 0.08984375
0 0.78671875 0.40078125 0.071875 0.0921875
0 0.86171875 0.3953125 0.071875 0.0734375
0 0.790625 0.24453125 0.065625 0.08984375
0 0.72890625 0.2390625 0.059375 0.08125
0 0.6515625 0.2296875 0.0625 0.0953125
0 0.46171875 0.353125 0.09375 0.103125
0 0.06953125 0.47265625 0.08125 0.0953125
0 0.34921875 0.32734375 0.0828125 0.11171875