0 0.46953125 0.8921875 0.1609375 0.215625
0 0.303125 0.87734375 0.1640625 0.24453125
0 0.175 0.8640625 0.14375 0.271875
0 0.059375 0.64140625 0.11875 0.18515625
0 0.1984375 0.6765625 0.1546875 0.15234375
0 0.346875 0.68359375 0.1328125 0.14375
0 0.49453125 0.71875 0.1546875 0.13828125
0 0.61953125 0.9171875 0.1515625 0.165625
0 0.63046875 0.790625 0.15625 0.14921875
0 0.78671875 0.78828125 0.15625 0.12265625
0 0.7953125 0.91953125 0.2046875 0.14375
0 0.934375 0.79921875 0.1296875 0.125
0 0.59765625 0.5859375 0.0734375 0.11953125
0 0.50546875 0.56484375 0.0921875 0.13046875
0 0.68359375 0.478125 0.128125 0.0734375
0 0.6984375 0.58671875 0.078125 0.1171875
0 0.80625 0.62109375 0.1140625 0.1546875
0 0.7921875 0.5 0.078125 0.103125
0 0.903125 0.4921875 0.1390625 0.0953125
0 0.9109375 0.62890625 0.1234375 0.1578125
0 0.04921875 0.8625 0.0984375 0.27421875
0 0.04453125 0.49609375 0.0890625 0.10859375
0 0.16015625 0.51328125 0.0953125 0.14140625
0 0.41015625 0.5421875 0.090625 0.146875
0 0.31328125 0.54375 0.0875 0.12734375
0 0.52578125 0.45546875 0.109375 0.10078125
0 0.290625 0.43984375 0.0828125 0.10859375
0 0.66796875 0.39140625 0.09375 0.1140625
0 0.58984375 0.37109375 0.05625 0.08984375
0 0.5203125 0.3625 0.065625 0.103125
0 0.75546875 0.39296875 0.0796875 0.125
0 0.81875 0.38984375 0.071875 0.103125
0 0.625 0.23203125 0.0546875 0.09765625
0 0.68203125 0.2515625 0.0625 0.11953125
0 0.74609375 0.2421875 0.071875 0.08671875
0 0.43359375 0.37109375 0.08125 0.10859375
0 0.24296875 0.34765625 0.075 0.10078125
0 0.3234375 0.2890625 0.06875 0.11171875
0 0.86640625 0.25703125 0.0890625 0.09765625
0 0.9265625 0.38046875 0.0796875 0.125