0 0.59453125 0.78671875 0.165625 0.26875
0 0.7296875 0.74609375 0.121875 0.25
0 0.884375 0.7703125 0.1140625 0.26875
0 0.65390625 0.5625 0.103125 0.18984375
0 0.5625 0.59140625 0.0765625 0.15234375
0 0.4328125 0.81640625 0.16875 0.23671875
0 0.41953125 0.61953125 0.1265625 0.14375
0 0.296875 0.665625 0.1125 0.14921875
0 0.23671875 0.83046875 0.140625 0.26875
0 0.0828125 0.675 0.1640625 0.14140625
0 0.08515625 0.86796875 0.1671875 0.26328125
0 0.4296875 0.46484375 0.10625 0.1546875
0 0.31484375 0.4765625 0.071875 0.14375
0 0.4171875 0.34921875 0.1421875 0.12265625
0 0.5390625 0.41875 0.1078125 0.16328125
0 0.78828125 0.40234375 0.0828125 0.13828125
0 0.6734375 0.325 0.115625 0.09765625
0 0.6296875 0.4265625 0.0921875 0.1140625
0 0.26875 0.37109375 0.1515625 0.08984375
0 0.215625 0.48671875 0.1390625 0.1796875
0 0.08515625 0.51796875 0.1328125 0.16875
0 0.06015625 0.35625 0.0921875 0.1140625
0 0.14609375 0.36015625 0.0828125 0.12265625
0 0.26328125 0.2625 0.08125 0.125
0 0.34140625 0.25390625 0.0671875 0.0953125
0 0.4171875 0.2390625 0.075 0.10078125
0 0.50859375 0.25390625 0.0609375 0.12734375
0 0.190625 0.11796875 0.0765625 0.09765625
0 0.25625 0.11953125 0.065625 0.0921875
0 0.3375 0.1265625 0.0640625 0.10625
0 0.0703125 0.12265625 0.0890625 0.0953125
0 0.08515625 0.2609375 0.0984375 0.11953125
0 0.17109375 0.26484375 0.075 0.12265625
0 0.70546875 0.1171875 0.059375 0.0921875
0 0.64140625 0.1140625 0.0484375 0.08671875
0 0.59140625 0.11796875 0.06875 0.09765625
0 0.525 0.13203125 0.0625 0.103125
0 0.82265625 0.23671875 0.121875 0.12265625
0 0.71328125 0.23125 0.071875 0.12734375
0 0.63828125 0.22421875 0.0953125 0.1171875
0 0.92421875 0.55703125 0.1515625 0.16328125
0 0.775 0.56015625 0.1203125 0.14375