0 0.4703125 0.7390625 0.15 0.25234375
0 0.3078125 0.7078125 0.153125 0.2171875
0 0.596875 0.78828125 0.1203125 0.20625
0 0.7625 0.88046875 0.175 0.2171875
0 0.91875 0.8828125 0.1484375 0.228125
0 0.91640625 0.66015625 0.1234375 0.13828125
0 0.76171875 0.68046875 0.15625 0.165625
0 0.59921875 0.62265625 0.134375 0.146875
0 0.48125 0.571875 0.109375 0.14921875
0 0.3546875 0.521875 0.140625 0.13828125
0 0.2359375 0.50546875 0.0921875 0.1328125
0 0.16875 0.66328125 0.1203125 0.2390625
0 0.1125 0.47421875 0.103125 0.14140625
0 0.053125 0.64296875 0.0921875 0.17421875
0 0.03125 0.47265625 0.0625 0.12734375
0 0.59453125 0.45546875 0.0765625 0.14921875
0 0.503125 0.42109375 0.096875 0.1578125
0 0.68984375 0.47421875 0.109375 0.12734375
0 0.6890625 0.37109375 0.1375 0.07578125
0 0.80234375 0.3765625 0.0828125 0.08984375
0 0.809375 0.5109375 0.1234375 0.1328125
0 0.90078125 0.38046875 0.1015625 0.11171875
0 0.92109375 0.50234375 0.09375 0.13046875
0 0.684375 0.271875 0.078125 0.103125
0 0.77265625 0.27578125 0.0765625 0.0953125
0 0.8484375 0.2828125 0.0859375 0.10625
0 0.94765625 0.2703125 0.0828125 0.1171875
0 0.77421875 0.1984375 0.0703125 0.084375
0 0.84921875 0.2109375 0.075 0.0734375
0 0.43125 0.3953125 0.0984375 0.14140625
0 0.30703125 0.4046875 0.1203125 0.1140625
0 0.1890625 0.36015625 0.08125 0.11953125
0 0.5265625 0.3234375 0.1140625 0.06796875
0 0.60390625 0.26484375 0.0484375 0.1140625
0 0.5375 0.259375 0.075 0.0921875
0 0.45546875 0.25 0.0671875 0.10859375
0 0.3171875 0.30546875 0.08125 0.10078125
0 0.034375 0.27890625 0.06875 0.10625
0 0.70234375 0.1328125 0.0703125 0.09765625
0 0.62890625 0.1265625 0.05625 0.0921875
0 0.77109375 0.1328125 0.0671875 0.08984375