0 0.3953125 0.8625 0.1890625 0.2609375
0 0.56484375 0.884375 0.1640625 0.23125
0 0.2515625 0.84609375 0.159375 0.30703125
0 0.08359375 0.84453125 0.1609375 0.3109375
0 0.07109375 0.62890625 0.1421875 0.1953125
0 0.234375 0.64921875 0.128125 0.15234375
0 0.34921875 0.64375 0.1203125 0.1875
0 0.74921875 0.8953125 0.1703125 0.209375
0 0.90234375 0.91171875 0.1921875 0.1765625
0 0.56875 0.709375 0.1453125 0.17109375
0 0.71875 0.74453125 0.153125 0.125
0 0.8953125 0.75546875 0.1515625 0.13046875
0 0.36328125 0.5 0.0953125 0.12265625
0 0.21015625 0.48359375 0.1 0.11953125
0 0.4578125 0.5 0.121875 0.13828125
0 0.56015625 0.53828125 0.109375 0.13046875
0 0.65546875 0.54453125 0.096875 0.12734375
0 0.7578125 0.55859375 0.096875 0.1546875
0 0.7328125 0.45 0.1578125 0.10859375
0 0.88359375 0.58828125 0.1578125 0.16328125
0 0.875 0.46484375 0.125 0.13046875
0 0.59453125 0.41171875 0.109375 0.1171875
0 0.3109375 0.40625 0.1125 0.13046875
0 0.740625 0.3 0.0921875 0.125
0 0.56328125 0.30703125 0.075 0.103125
0 0.653125 0.30546875 0.08125 0.11171875
0 0.96171875 0.459375 0.0765625 0.14140625
0 0.41796875 0.39296875 0.09375 0.0953125
0 0.4859375 0.33125 0.078125 0.15234375
0 0.21015625 0.40234375 0.084375 0.0953125
0 0.09921875 0.38046875 0.0875 0.103125
0 0.0859375 0.4703125 0.1109375 0.11171875
0 0.203125 0.29765625 0.078125 0.10859375
0 0.81328125 0.33984375 0.08125 0.103125
0 0.8953125 0.33828125 0.078125 0.12265625
0 0.96796875 0.32890625 0.0640625 0.11953125
0 0.878125 0.2484375 0.0828125 0.0734375
0 0.81328125 0.2578125 0.059375 0.0734375
0 0.65234375 0.178125 0.0640625 0.10078125
0 0.72734375 0.18984375 0.0609375 0.08671875
0 0.8015625 0.1765625 0.0734375 0.08984375
0 0.9328125 0.175 0.059375 0.0953125
0 0.41640625 0.30859375 0.065625 0.0921875
0 0.36484375 0.2265625 0.059375 0.07578125
0 0.4484375 0.2421875 0.06875 0.0734375
0 0.51953125 0.23203125 0.0703125 0.0734375
0 0.93046875 0.08828125 0.0828125 0.0953125
0 0.86484375 0.0859375 0.0546875 0.07578125
0 0.80546875 0.084375 0.0546875 0.07578125
0 0.7375 0.0859375 0.0671875 0.07890625
0 0.59453125 0.18359375 0.05 0.08984375
0 0.29921875 0.25234375 0.06875 0.08125
0 0.303125 0.1859375 0.065625 0.10078125
0 0.2484375 0.1890625 0.0453125 0.07890625
0 0.1453125 0.2796875 0.04375 0.09765625
0 0.084375 0.28359375 0.05625 0.10859375
0 0.615625 0.08671875 0.065625 0.09765625
0 0.55546875 0.09609375 0.0515625 0.06484375
0 0.5234375 0.16875 0.0625 0.07578125
0 0.46640625 0.1875 0.05625 0.06796875