0 0.5046875 0.91015625 0.1546875 0.1796875
0 0.665625 0.88671875 0.171875 0.2265625
0 0.36953125 0.6375 0.084375 0.14921875
0 0.43359375 0.50546875 0.103125 0.09765625
0 0.46484375 0.61796875 0.0796875 0.125
0 0.546875 0.56484375 0.0765625 0.14375
0 0.640625 0.57578125 0.0765625 0.11953125
0 0.65703125 0.4921875 0.0734375 0.10859375
0 0.7765625 0.5546875 0.078125 0.13046875
0 0.046875 0.8421875 0.09375 0.12265625
0 0.18671875 0.8359375 0.1453125 0.125
0 0.34375 0.91171875 0.128125 0.1765625
0 0.46953125 0.78359375 0.1546875 0.11953125
0 0.61015625 0.71484375 0.1109375 0.1359375
0 0.7296875 0.71640625 0.11875 0.12265625
0 0.80390625 0.87109375 0.1140625 0.2390625
0 0.8828125 0.68046875 0.0953125 0.14921875
0 0.93125 0.87890625 0.1375 0.22265625
0 0.96796875 0.66875 0.0640625 0.17421875
0 0.26875 0.540625 0.109375 0.10625
0 0.27109375 0.6546875 0.096875 0.125
0 0.16171875 0.56796875 0.096875 0.125
0 0.1515625 0.6984375 0.1234375 0.12265625
0 0.059375 0.5515625 0.103125 0.10859375
0 0.3625 0.428125 0.0484375 0.10078125
0 0.4390625 0.43359375 0.0828125 0.08984375
0 0.51484375 0.42109375 0.0671875 0.103125
0 0.28203125 0.4296875 0.078125 0.11171875
0 0.20234375 0.44453125 0.065625 0.08984375
0 0.134375 0.4390625 0.0734375 0.0953125
0 0.340625 0.29609375 0.065625 0.09765625
0 0.27109375 0.29609375 0.0609375 0.08125
0 0.2015625 0.29765625 0.0703125 0.0921875
0 0.39765625 0.3015625 0.05 0.084375
0 0.45546875 0.2890625 0.0640625 0.084375
0 0.5203125 0.31015625 0.05625 0.0734375
0 0.12578125 0.3640625 0.075 0.0703125
0 0.20234375 0.3734375 0.071875 0.06484375
0 0.6265625 0.40234375 0.0828125 0.08125
0 0.72109375 0.39375 0.071875 0.09765625
0 0.8765625 0.553125 0.0703125 0.0921875