0 0.67734375 0.8921875 0.1484375 0.215625
0 0.834375 0.88203125 0.159375 0.23125
0 0.52734375 0.915625 0.146875 0.16875
0 0.3734375 0.93359375 0.1515625 0.1328125
0 0.21484375 0.91953125 0.1578125 0.16015625
0 0.0640625 0.90078125 0.1234375 0.1984375
0 0.37890625 0.665625 0.0890625 0.12265625
0 0.4953125 0.79765625 0.153125 0.13046875
0 0.6453125 0.73515625 0.128125 0.14921875
0 0.76953125 0.71171875 0.115625 0.13046875
0 0.93203125 0.67265625 0.1359375 0.14375
0 0.79453125 0.5609375 0.1140625 0.12734375
0 0.271875 0.55859375 0.1203125 0.0703125
0 0.2875 0.67109375 0.09375 0.125
0 0.1796875 0.571875 0.0875 0.09765625
0 0.159375 0.70625 0.11875 0.125
0 0.0734375 0.56484375 0.1171875 0.10078125
0 0.06328125 0.69140625 0.090625 0.14375
0 0.48046875 0.6265625 0.084375 0.125
0 0.4453125 0.51328125 0.096875 0.08671875
0 0.57578125 0.61171875 0.1015625 0.11171875
0 0.66015625 0.61015625 0.0765625 0.1171875
0 0.6890625 0.49609375 0.096875 0.11171875
0 0.58671875 0.5078125 0.0875 0.0953125
0 0.87734375 0.48125 0.0890625 0.0703125
0 0.9359375 0.56640625 0.109375 0.09765625
0 0.38828125 0.4453125 0.0609375 0.11171875
0 0.29453125 0.4578125 0.0796875 0.1140625
0 0.21953125 0.4578125 0.065625 0.09765625
0 0.14140625 0.4671875 0.0890625 0.1140625
0 0.04453125 0.45078125 0.0890625 0.08671875
0 0.45 0.43046875 0.071875 0.08671875
0 0.52421875 0.4359375 0.0703125 0.08984375
0 0.28203125 0.3140625 0.065625 0.084375
0 0.2078125 0.33046875 0.071875 0.08125
0 0.35234375 0.3015625 0.06875 0.084375
0 0.41484375 0.31015625 0.0453125 0.08984375
0 0.7890625 0.40390625 0.09375 0.08671875
0 0.4703125 0.303125 0.0484375 0.07890625
0 0.528125 0.3015625 0.05625 0.07890625