0 0.41171875 0.8515625 0.1515625 0.27421875
0 0.25 0.83125 0.1234375 0.2796875
0 0.10546875 0.8328125 0.1375 0.334375
0 0.55546875 0.87734375 0.1625 0.23671875
0 0.5640625 0.68359375 0.1359375 0.13828125
0 0.43125 0.66171875 0.1140625 0.16015625
0 0.29921875 0.6328125 0.171875 0.14375
0 0.08359375 0.6140625 0.1515625 0.165625
0 0.7265625 0.90625 0.15 0.1875
0 0.71015625 0.73125 0.1359375 0.1328125
0 0.8859375 0.74296875 0.1546875 0.12265625
0 0.88125 0.903125 0.203125 0.19375
0 0.56796875 0.50703125 0.1046875 0.16875
0 0.68515625 0.521875 0.0859375 0.16015625
0 0.46640625 0.46875 0.0859375 0.1765625
0 0.36640625 0.5015625 0.0890625 0.1546875
0 0.78046875 0.54375 0.096875 0.11953125
0 0.75625 0.43359375 0.1171875 0.103125
0 0.8921875 0.58046875 0.1140625 0.13828125
0 0.85390625 0.446875 0.1078125 0.1171875
0 0.95546875 0.43203125 0.0890625 0.0921875
0 0.73203125 0.31484375 0.0953125 0.10859375
0 0.64609375 0.32578125 0.065625 0.125
0 0.5734375 0.3140625 0.06875 0.1171875
0 0.578125 0.39375 0.1234375 0.08125
0 0.484375 0.321875 0.071875 0.125
0 0.88046875 0.334375 0.084375 0.1171875
0 0.8125 0.33046875 0.065625 0.103125
0 0.96015625 0.334375 0.0703125 0.125
0 0.9140625 0.178125 0.0796875 0.103125
0 0.7953125 0.18046875 0.0828125 0.1328125
0 0.72265625 0.18359375 0.0515625 0.10625
0 0.65078125 0.18046875 0.0671875 0.08984375
0 0.321875 0.38203125 0.071875 0.103125
0 0.20703125 0.4796875 0.090625 0.1140625
0 0.22578125 0.3671875 0.1046875 0.11953125
0 0.09921875 0.4578125 0.0859375 0.11953125
0 0.11875 0.34765625 0.065625 0.08984375
0 0.0421875 0.37265625 0.084375 0.1140625
0 0.43046875 0.25 0.071875 0.08984375
0 0.33984375 0.28359375 0.0671875 0.10078125
0 0.26171875 0.28828125 0.0546875 0.1171875
0 0.1984375 0.28125 0.05 0.09765625
0 0.5875 0.18515625 0.05 0.10625
0 0.52890625 0.18203125 0.0546875 0.07890625
0 0.46484375 0.1953125 0.0625 0.08125
0 0.3984375 0.15078125 0.0421875 0.08671875