0 0.5296875 0.7390625 0.15 0.25234375
0 0.6921875 0.7078125 0.153125 0.2171875
0 0.403125 0.78828125 0.1203125 0.20625
0 0.2375 0.88046875 0.175 0.2171875
0 0.08125 0.8828125 0.1484375 0.228125
0 0.08359375 0.66015625 0.1234375 0.13828125
0 0.23828125 0.68046875 0.15625 0.165625
0 0.40078125 0.62265625 0.134375 0.146875
0 0.51875 0.571875 0.109375 0.14921875
0 0.6453125 0.521875 0.140625 0.13828125
0 0.7640625 0.50546875 0.0921875 0.1328125
0 0.83125 0.66328125 0.1203125 0.2390625
0 0.8875 0.47421875 0.103125 0.14140625
0 0.946875 0.64296875 0.0921875 0.17421875
0 0.96875 0.47265625 0.0625 0.12734375
0 0.40546875 0.45546875 0.0765625 0.14921875
0 0.496875 0.42109375 0.096875 0.1578125
0 0.31015625 0.47421875 0.109375 0.12734375
0 0.3109375 0.37109375 0.1375 0.07578125
0 0.19765625 0.3765625 0.0828125 0.08984375
0 0.190625 0.5109375 0.1234375 0.1328125
0 0.09921875 0.38046875 0.1015625 0.11171875
0 0.07890625 0.50234375 0.09375 0.13046875
0 0.315625 0.271875 0.078125 0.103125
0 0.22734375 0.27578125 0.0765625 0.0953125
0 0.1515625 0.2828125 0.0859375 0.10625
0 0.05234375 0.2703125 0.0828125 0.1171875
0 0.22578125 0.1984375 0.0703125 0.084375
0 0.15078125 0.2109375 0.075 0.0734375
0 0.56875 0.3953125 0.0984375 0.14140625
0 0.69296875 0.4046875 0.1203125 0.1140625
0 0.8109375 0.36015625 0.08125 0.11953125
0 0.4734375 0.3234375 0.1140625 0.06796875
0 0.39609375 0.26484375 0.0484375 0.1140625
0 0.4625 0.259375 0.075 0.0921875
0 0.54453125 0.25 0.0671875 0.10859375
0 0.6828125 0.30546875 0.08125 0.10078125
0 0.965625 0.27890625 0.06875 0.10625
0 0.29765625 0.1328125 0.0703125 0.09765625
0 0.37109375 0.1265625 0.05625 0.0921875
0 0.22890625 0.1328125 0.0671875 0.08984375