0 0.6046875 0.8625 0.1890625 0.2609375
0 0.43515625 0.884375 0.1640625 0.23125
0 0.7484375 0.84609375 0.159375 0.30703125
0 0.91640625 0.84453125 0.1609375 0.3109375
0 0.92890625 0.62890625 0.1421875 0.1953125
0 0.765625 0.64921875 0.128125 0.15234375
0 0.65078125 0.64375 0.1203125 0.1875
0 0.25078125 0.8953125 0.1703125 0.209375
0 0.09765625 0.91171875 0.1921875 0.1765625
0 0.43125 0.709375 0.1453125 0.17109375
0 0.28125 0.74453125 0.153125 0.125
0 0.1046875 0.75546875 0.1515625 0.13046875
0 0.63671875 0.5 0.0953125 0.12265625
0 0.78984375 0.48359375 0.1 0.11953125
0 0.5421875 0.5 0.121875 0.13828125
0 0.43984375 0.53828125 0.109375 0.13046875
0 0.34453125 0.54453125 0.096875 0.12734375
0 0.2421875 0.55859375 0.096875 0.1546875
0 0.2671875 0.45 0.1578125 0.10859375
0 0.11640625 0.58828125 0.1578125 0.16328125
0 0.125 0.46484375 0.125 0.13046875
0 0.40546875 0.41171875 0.109375 0.1171875
0 0.6890625 0.40625 0.1125 0.13046875
0 0.259375 0.3 0.0921875 0.125
0 0.43671875 0.30703125 0.075 0.103125
0 0.346875 0.30546875 0.08125 0.11171875
0 0.03828125 0.459375 0.0765625 0.14140625
0 0.58203125 0.39296875 0.09375 0.0953125
0 0.5140625 0.33125 0.078125 0.15234375
0 0.78984375 0.40234375 0.084375 0.0953125
0 0.90078125 0.38046875 0.0875 0.103125
0 0.9140625 0.4703125 0.1109375 0.11171875
0 0.796875 0.29765625 0.078125 0.10859375
0 0.18671875 0.33984375 0.08125 0.103125
0 0.1046875 0.33828125 0.078125 0.12265625
0 0.03203125 0.32890625 0.0640625 0.11953125
0 0.121875 0.2484375 0.0828125 0.0734375
0 0.18671875 0.2578125 0.059375 0.0734375
0 0.34765625 0.178125 0.0640625 0.10078125
0 0.27265625 0.18984375 0.0609375 0.08671875
0 0.1984375 0.1765625 0.0734375 0.08984375
0 0.0671875 0.175 0.059375 0.0953125
0 0.58359375 0.30859375 0.065625 0.0921875
0 0.63515625 0.2265625 0.059375 0.07578125
0 0.5515625 0.2421875 0.06875 0.0734375
0 0.48046875 0.23203125 0.0703125 0.0734375
0 0.06953125 0.08828125 0.0828125 0.0953125
0 0.13515625 0.0859375 0.0546875 0.07578125
0 0.19453125 0.084375 0.0546875 0.07578125
0 0.2625 0.0859375 0.0671875 0.07890625
0 0.40546875 0.18359375 0.05 0.08984375
0 0.70078125 0.25234375 0.06875 0.08125
0 0.696875 0.1859375 0.065625 0.10078125
0 0.7515625 0.1890625 0.0453125 0.07890625
0 0.8546875 0.2796875 0.04375 0.09765625
0 0.915625 0.28359375 0.05625 0.10859375
0 0.384375 0.08671875 0.065625 0.09765625
0 0.44453125 0.09609375 0.0515625 0.06484375
0 0.4765625 0.16875 0.0625 0.07578125
0 0.53359375 0.1875 0.05625 0.06796875