0 0.684375 0.83984375 0.1515625 0.2578125
0 0.5390625 0.89140625 0.1390625 0.2171875
0 0.4890625 0.72421875 0.140625 0.165625
0 0.35078125 0.7515625 0.1375 0.15234375
0 0.1984375 0.79765625 0.1578125 0.1328125
0 0.07421875 0.803125 0.14375 0.14375
0 0.3765625 0.91796875 0.153125 0.1640625
0 0.38046875 0.56484375 0.0796875 0.125
0 0.45234375 0.43359375 0.1 0.08125
0 0.47265625 0.54609375 0.09375 0.13828125
0 0.28828125 0.4984375 0.10625 0.11171875
0 0.16640625 0.49453125 0.115625 0.09765625
0 0.28828125 0.61015625 0.0953125 0.09765625
0 0.1609375 0.62890625 0.13125 0.13828125
0 0.0515625 0.49453125 0.103125 0.0953125
0 0.06640625 0.615625 0.1125 0.14921875
0 0.57265625 0.425 0.1015625 0.11953125
0 0.69140625 0.415625 0.103125 0.0921875
0 0.5671875 0.5203125 0.09375 0.13828125
0 0.6546875 0.53125 0.0578125 0.0921875
0 0.64453125 0.65078125 0.1375 0.13046875
0 0.7734375 0.63203125 0.1109375 0.11953125
0 0.8078125 0.77890625 0.13125 0.20625
0 0.92421875 0.584375 0.1515625 0.16015625
0 0.93671875 0.8 0.1265625 0.24765625
0 0.7953125 0.48125 0.109375 0.12734375
0 0.44140625 0.36171875 0.053125 0.08671875
0 0.3828125 0.384375 0.06875 0.10078125
0 0.2953125 0.37890625 0.09375 0.08984375
0 0.21328125 0.40078125 0.071875 0.0921875
0 0.13828125 0.3953125 0.071875 0.0734375
0 0.209375 0.24453125 0.065625 0.08984375
0 0.27109375 0.2390625 0.059375 0.08125
0 0.3484375 0.2296875 0.0625 0.0953125
0 0.53828125 0.353125 0.09375 0.103125
0 0.93046875 0.47265625 0.08125 0.0953125
0 0.65078125 0.32734375 0.0828125 0.11171875