0 0.54921875 0.865625 0.1765625 0.2390625
0 0.38203125 0.85078125 0.18125 0.29609375
0 0.2265625 0.8421875 0.121875 0.26328125
0 0.0828125 0.834375 0.1578125 0.28828125
0 0.7328125 0.8859375 0.134375 0.228125
0 0.9 0.8953125 0.1796875 0.209375
0 0.86015625 0.7296875 0.1296875 0.14375
0 0.715625 0.71875 0.1171875 0.1328125
0 0.56328125 0.6875 0.184375 0.16328125
0 0.9625 0.7375 0.075 0.1765625
0 0.4234375 0.6453125 0.1 0.1578125
0 0.32421875 0.61796875 0.0859375 0.1578125
0 0.21640625 0.64375 0.1 0.14140625
0 0.07109375 0.62265625 0.1421875 0.21484375
0 0.546875 0.5078125 0.10625 0.146875
0 0.6453125 0.509375 0.0921875 0.11953125
0 0.7578125 0.5421875 0.1171875 0.17421875
0 0.71953125 0.4171875 0.140625 0.09765625
0 0.57578125 0.37734375 0.0875 0.08671875
0 0.446875 0.47421875 0.0765625 0.13828125
0 0.3484375 0.47421875 0.09375 0.1359375
0 0.19140625 0.4578125 0.0828125 0.13828125
0 0.8359375 0.4171875 0.090625 0.09765625
0 0.875 0.54609375 0.1234375 0.146875
0 0.9421875 0.4140625 0.103125 0.10859375
0 0.95859375 0.5421875 0.0828125 0.16328125
0 0.1703125 0.26796875 0.0953125 0.0921875
0 0.61953125 0.3 0.0734375 0.0921875
0 0.5484375 0.290625 0.071875 0.103125
0 0.4671875 0.290625 0.075 0.09765625
0 0.29296875 0.3734375 0.071875 0.11953125
0 0.38046875 0.365625 0.0890625 0.103125
0 0.1109375 0.3328125 0.0765625 0.0921875
0 0.0875 0.44296875 0.0890625 0.13046875
0 0.7078125 0.3109375 0.0953125 0.13046875
0 0.790625 0.30859375 0.071875 0.11171875
0 0.87421875 0.31640625 0.0875 0.103125
0 0.96015625 0.2921875 0.0796875 0.12265625
0 0.34140625 0.21171875 0.0828125 0.0921875
0 0.89921875 0.071875 0.0609375 0.084375
0 0.78828125 0.15859375 0.0796875 0.0953125
0 0.91953125 0.16171875 0.059375 0.0921875
0 0.71875 0.16015625 0.0640625 0.09765625
0 0.634375 0.15390625 0.06875 0.07578125
0 0.71953125 0.0828125 0.05625 0.08671875
0 0.66171875 0.08125 0.065625 0.06484375