0 0.71328125 0.73125 0.2609375 0.478125
0 0.465625 0.73515625 0.2359375 0.3828125
0 0.49375 0.3546875 0.159375 0.31015625
0 0.678125 0.334375 0.1875 0.3203125
0 0.8359375 0.3328125 0.1484375 0.290625
0 0.95 0.3109375 0.1 0.32890625
0 0.65078125 0.11015625 0.1296875 0.165625
0 0.8125 0.10703125 0.140625 0.16328125
0 0.46796875 0.1453125 0.1671875 0.19296875
0 0.14296875 0.80703125 0.28125 0.3859375
0 0.30390625 0.353125 0.1609375 0.30703125
0 0.134375 0.1578125 0.1671875 0.1328125
0 0.12265625 0.3765625 0.184375 0.28515625