0 0.56484375 0.7625 0.32890625 0.2109375
0 0.26328125 0.71953125 0.2796875 0.1765625
0 0.0421875 0.66328125 0.084375 0.1390625
0 0.11015625 0.55078125 0.2203125 0.1125
0 0.60859375 0.61875 0.3234375 0.115625
0 0.3421875 0.58125 0.2390625 0.103125
0 0.87734375 0.63359375 0.23671875 0.11875
0 0.88984375 0.79375 0.2203125 0.2
0 0.76328125 0.47109375 0.23125 0.121875
0 0.9296875 0.42109375 0.1328125 0.0875
0 0.5921875 0.4515625 0.24765625 0.125
0 0.31953125 0.41328125 0.18515625 0.1140625
0 0.11171875 0.40859375 0.1984375 0.1015625
0 0.259375 0.33828125 0.146875 0.0546875
0 0.0828125 0.3296875 0.165625 0.071875
0 0.64296875 0.28984375 0.18984375 0.0828125
0 0.446875 0.28984375 0.17421875 0.0859375
0 0.92265625 0.315625 0.146875 0.05625
0 0.4171875 0.2 0.08984375 0.059375
0 0.3109375 0.196875 0.08984375 0.0515625
0 0.2078125 0.190625 0.08125 0.05
0 0.1265625 0.13671875 0.06484375 0.0390625
0 0.5421875 0.2015625 0.125 0.0609375
0 0.65390625 0.20546875 0.0921875 0.0484375
0 0.76640625 0.2125 0.11171875 0.059375
0 0.76796875 0.12109375 0.0703125 0.0421875
0 0.678125 0.11796875 0.10859375 0.0421875
0 0.5859375 0.11171875 0.10078125 0.05
0 0.490625 0.10859375 0.103125 0.04375
0 0.40625 0.10703125 0.06484375 0.0359375
0 0.33125 0.10625 0.08671875 0.034375
0 0.25546875 0.10390625 0.07890625 0.0421875
0 0.20390625 0.13515625 0.07578125 0.0390625
0 0.84375 0.1625 0.13046875 0.059375
0 0.70078125 0.16015625 0.12734375 0.0484375
0 0.6015625 0.15546875 0.09765625 0.04375
0 0.8828125 0.11875 0.10859375 0.046875
0 0.946875 0.06953125 0.06484375 0.0328125
0 0.0421875 0.1734375 0.084375 0.046875
0 0.0328125 0.13203125 0.06484375 0.0359375
0 0.16953125 0.0984375 0.0734375 0.034375
0 0.09921875 0.10234375 0.0625 0.040625
0 0.6125 0.06328125 0.07890625 0.0296875
0 0.71875 0.08671875 0.08125 0.0234375
0 0.76328125 0.06328125 0.07890625 0.025