0 0.81953125 0.7390625 0.35859375 0.2390625
0 0.50546875 0.66875 0.32890625 0.1765625
0 0.209375 0.60859375 0.19296875 0.146875
0 0.07890625 0.553125 0.1578125 0.140625
0 0.34609375 0.49375 0.21171875 0.1078125
0 0.13984375 0.44921875 0.18203125 0.0890625
0 0.59140625 0.5359375 0.2390625 0.1015625
0 0.85625 0.575 0.28515625 0.1109375
0 0.77890625 0.41328125 0.24453125 0.1078125
0 0.95546875 0.446875 0.0890625 0.1125
0 0.53828125 0.3671875 0.16015625 0.096875
0 0.365625 0.35546875 0.17421875 0.096875
0 0.20546875 0.334375 0.15234375 0.1015625
0 0.0625 0.31171875 0.125 0.0828125
0 0.8828125 0.24296875 0.18203125 0.10625
0 0.6546875 0.2375 0.1765625 0.0796875
0 0.90234375 0.06171875 0.10078125 0.0484375
0 0.43515625 0.13984375 0.1171875 0.06875
0 0.24609375 0.1328125 0.08984375 0.0546875
0 0.0765625 0.18671875 0.153125 0.0640625
0 0.75703125 0.1578125 0.1171875 0.0703125
0 0.6265625 0.1546875 0.11171875 0.04375
0 0.87734375 0.159375 0.1328125 0.0609375
0 0.8125 0.11484375 0.10859375 0.04375
0 0.9390625 0.1125 0.11171875 0.05
0 0.803125 0.06328125 0.0921875 0.053125
0 0.7078125 0.05234375 0.0953125 0.059375
0 0.53671875 0.059375 0.0921875 0.04375
0 0.45546875 0.05859375 0.08984375 0.0421875
0 0.33125 0.090625 0.07578125 0.0484375
0 0.38046875 0.04453125 0.0953125 0.0484375
0 0.23671875 0.08359375 0.08125 0.046875
0 0.95078125 0.02578125 0.08984375 0.0515625