0 0.3046875 0.66875 0.35625 0.1859375
0 0.68359375 0.79140625 0.41875 0.246875
0 0.7625 0.6125 0.41328125 0.1796875
0 0.4765625 0.52109375 0.25 0.1328125
0 0.23203125 0.44140625 0.2609375 0.121875
0 0.0875 0.56328125 0.175 0.1609375
0 0.04609375 0.39609375 0.0921875 0.1640625
0 0.79921875 0.3546875 0.28515625 0.159375
0 0.5 0.2875 0.25234375 0.165625
0 0.28515625 0.25859375 0.18984375 0.1515625
0 0.1140625 0.2078125 0.125 0.084375
0 0.6953125 0.08671875 0.22578125 0.0953125
0 0.91953125 0.14296875 0.1578125 0.134375
0 0.4375 0.18671875 0.1765625 0.08125
0 0.25546875 0.12890625 0.1765625 0.090625