0 0.58671875 0.74921875 0.3671875 0.209375
0 0.34375 0.61953125 0.25546875 0.1484375
0 0.16015625 0.50859375 0.2421875 0.121875
0 0.29765625 0.43828125 0.25546875 0.0984375
0 0.5125 0.525 0.28828125 0.115625
0 0.75703125 0.6046875 0.31484375 0.1109375
0 0.8546875 0.871875 0.290625 0.25625
0 0.13203125 0.375 0.22578125 0.1125
0 0.928125 0.6953125 0.14375 0.1609375
0 0.61171875 0.36015625 0.209375 0.1140625
0 0.47265625 0.3 0.14921875 0.103125
0 0.32890625 0.271875 0.14921875 0.0859375
0 0.81640625 0.3796875 0.23359375 0.121875
0 0.76875 0.28984375 0.18203125 0.0703125
0 0.615625 0.24453125 0.1578125 0.0828125
0 0.13828125 0.203125 0.165625 0.09375
0 0.8125 0.1578125 0.14140625 0.0625
0 0.6984375 0.13515625 0.10859375 0.0625
0 0.4171875 0.11328125 0.11953125 0.0625
0 0.95234375 0.3484375 0.0953125 0.08125
0 0.96171875 0.225 0.07578125 0.096875
0 0.04765625 0.040625 0.08984375 0.059375
0 0.384375 0.025 0.1359375 0.05
0 0.9296875 0.11484375 0.10078125 0.0578125
0 0.81953125 0.09609375 0.11953125 0.078125
0 0.63046875 0.06953125 0.11171875 0.053125
0 0.521875 0.053125 0.0953125 0.05
0 0.2484375 0.175 0.12734375 0.0546875
0 0.12109375 0.13828125 0.1140625 0.05625