0 0.18046875 0.7390625 0.35859375 0.2390625
0 0.49453125 0.66875 0.32890625 0.1765625
0 0.790625 0.60859375 0.19296875 0.146875
0 0.92109375 0.553125 0.1578125 0.140625
0 0.65390625 0.49375 0.21171875 0.1078125
0 0.86015625 0.44921875 0.18203125 0.0890625
0 0.40859375 0.5359375 0.2390625 0.1015625
0 0.14375 0.575 0.28515625 0.1109375
0 0.22109375 0.41328125 0.24453125 0.1078125
0 0.04453125 0.446875 0.0890625 0.1125
0 0.46171875 0.3671875 0.16015625 0.096875
0 0.634375 0.35546875 0.17421875 0.096875
0 0.79453125 0.334375 0.15234375 0.1015625
0 0.9375 0.31171875 0.125 0.0828125
0 0.1171875 0.24296875 0.18203125 0.10625
0 0.3453125 0.2375 0.1765625 0.0796875
0 0.09765625 0.06171875 0.10078125 0.0484375
0 0.56484375 0.13984375 0.1171875 0.06875
0 0.75390625 0.1328125 0.08984375 0.0546875
0 0.9234375 0.18671875 0.153125 0.0640625
0 0.24296875 0.1578125 0.1171875 0.0703125
0 0.3734375 0.1546875 0.11171875 0.04375
0 0.12265625 0.159375 0.1328125 0.0609375
0 0.1875 0.11484375 0.10859375 0.04375
0 0.0609375 0.1125 0.11171875 0.05
0 0.196875 0.06328125 0.0921875 0.053125
0 0.2921875 0.05234375 0.0953125 0.059375
0 0.46328125 0.059375 0.0921875 0.04375
0 0.54453125 0.05859375 0.08984375 0.0421875
0 0.66875 0.090625 0.07578125 0.0484375
0 0.61953125 0.04453125 0.0953125 0.0484375
0 0.76328125 0.08359375 0.08125 0.046875
0 0.04921875 0.02578125 0.08984375 0.0515625