0 0.6234375 0.7015625 0.3421875 0.1890625
0 0.896875 0.63984375 0.20625 0.175
0 0.25 0.815625 0.37734375 0.26875
0 0.2171875 0.62578125 0.37265625 0.134375
0 0.51484375 0.55546875 0.26640625 0.1234375
0 0.74765625 0.51875 0.25546875 0.128125
0 0.95390625 0.45234375 0.0921875 0.1203125
0 0.509375 0.35078125 0.24453125 0.1203125
0 0.2375 0.3953125 0.28828125 0.13125
0 0.39375 0.18203125 0.24765625 0.0953125
0 0.146875 0.19609375 0.22578125 0.1
0 0.60703125 0.26484375 0.1953125 0.0765625
0 0.72265625 0.33984375 0.1875 0.1015625
0 0.7609375 0.22734375 0.12734375 0.0609375
0 0.90078125 0.30625 0.1359375 0.1015625
0 0.06953125 0.41953125 0.13828125 0.1640625
0 0.38828125 0.10703125 0.0953125 0.0546875
0 0.2265625 0.08984375 0.146875 0.0828125
0 0.5109375 0.08671875 0.084375 0.0578125
0 0.6328125 0.075 0.0953125 0.0609375