0 0.5203125 0.69921875 0.271875 0.165625
0 0.74296875 0.64453125 0.2203125 0.165625
0 0.665625 0.5328125 0.26875 0.109375
0 0.41015625 0.5546875 0.26875 0.121875
0 0.165625 0.60234375 0.26875 0.0921875
0 0.22265625 0.77890625 0.3828125 0.21875
0 0.89375 0.4765625 0.14921875 0.075
0 0.9484375 0.57109375 0.103125 0.1296875
0 0.65625 0.39375 0.1578125 0.096875
0 0.46640625 0.39609375 0.18515625 0.109375
0 0.21640625 0.44296875 0.26640625 0.1125
0 0.0515625 0.46015625 0.10078125 0.115625
0 0.1328125 0.27890625 0.16015625 0.0828125
0 0.3625 0.26328125 0.20625 0.0859375
0 0.70625 0.31640625 0.12734375 0.0515625
0 0.8015625 0.36953125 0.146875 0.0828125
0 0.94140625 0.3359375 0.1171875 0.096875
0 0.85078125 0.3046875 0.08984375 0.04375
0 0.55703125 0.328125 0.14921875 0.0625
0 0.4078125 0.19921875 0.12265625 0.0640625
0 0.134375 0.2 0.0921875 0.053125
0 0.26796875 0.20390625 0.13046875 0.0484375
0 0.60625 0.1875 0.17109375 0.059375
0 0.34140625 0.09765625 0.13046875 0.0546875
0 0.240625 0.1125 0.0921875 0.0625
0 0.13203125 0.11171875 0.07578125 0.0484375
0 0.95078125 0.2125 0.09765625 0.059375