0 0.49765625 0.68984375 0.37265625 0.2265625
0 0.26328125 0.590625 0.24765625 0.1578125
0 0.1171875 0.4890625 0.23359375 0.14375
0 0.82890625 0.84375 0.3421875 0.2484375
0 0.8859375 0.64609375 0.228125 0.1546875
0 0.70625 0.5453125 0.30703125 0.1140625
0 0.4359375 0.471875 0.2609375 0.1078125
0 0.21640625 0.3984375 0.18515625 0.1046875
0 0.0765625 0.33359375 0.153125 0.1203125
0 0.90234375 0.41171875 0.1953125 0.1390625
0 0.73671875 0.31953125 0.24765625 0.1265625
0 0.5078125 0.28203125 0.16015625 0.1109375
0 0.6359375 0.234375 0.16015625 0.084375
0 0.509375 0.184375 0.1359375 0.071875
0 0.37265625 0.234375 0.165625 0.09375
0 0.36953125 0.1578125 0.12265625 0.0765625
0 0.22109375 0.22421875 0.18984375 0.1
0 0.7203125 0.07890625 0.13828125 0.0671875
0 0.56640625 0.05625 0.13046875 0.0765625
0 0.04609375 0.1421875 0.0921875 0.1
0 0.14375 0.115625 0.165625 0.0703125
0 0.8203125 0.03671875 0.1171875 0.0609375