0 0.5859375 0.77109375 0.3859375 0.240625
0 0.865625 0.71015625 0.26875 0.259375
0 0.51484375 0.60703125 0.32578125 0.175
0 0.80546875 0.528125 0.29921875 0.1421875
0 0.18046875 0.62109375 0.35859375 0.1515625
0 0.17421875 0.8203125 0.3453125 0.2296875
0 0.27734375 0.38828125 0.2421875 0.1421875
0 0.53828125 0.36953125 0.26328125 0.125
0 0.09765625 0.328125 0.1953125 0.1125
0 0.4984375 0.271875 0.20078125 0.08125
0 0.8359375 0.30703125 0.2609375 0.1296875
0 0.43046875 0.1578125 0.20625 0.115625
0 0.67109375 0.1359375 0.1765625 0.115625
0 0.51484375 0.04765625 0.17421875 0.075
0 0.68203125 0.0421875 0.10625 0.05625
0 0.28125 0.05546875 0.16875 0.0796875
0 0.09375 0.2015625 0.15234375 0.096875
0 0.9125 0.21875 0.175 0.08125