0 0.60859375 0.71953125 0.3125 0.1703125
0 0.8625 0.6734375 0.23359375 0.1453125
0 0.25234375 0.78671875 0.36171875 0.2109375
0 0.2375 0.640625 0.33671875 0.1265625
0 0.490625 0.5984375 0.22265625 0.0953125
0 0.7171875 0.56328125 0.27734375 0.0921875
0 0.94375 0.54921875 0.1125 0.1234375
0 0.3109375 0.465625 0.20625 0.1046875
0 0.0953125 0.49296875 0.18203125 0.134375
0 0.52578125 0.41953125 0.1796875 0.1171875
0 0.71640625 0.41953125 0.17421875 0.1328125
0 0.88203125 0.40234375 0.125 0.0953125
0 0.96484375 0.37890625 0.0703125 0.1046875
0 0.7890625 0.3328125 0.14140625 0.06875
0 0.2421875 0.32109375 0.20390625 0.0796875
0 0.44140625 0.29453125 0.18984375 0.078125
0 0.45625 0.2265625 0.0953125 0.05625
0 0.33671875 0.2328125 0.12265625 0.05625
0 0.23671875 0.2328125 0.14375 0.059375
0 0.0953125 0.2265625 0.12734375 0.05625
0 0.3046875 0.13984375 0.0953125 0.0578125
0 0.21171875 0.14765625 0.11171875 0.0578125
0 0.09765625 0.14453125 0.08984375 0.0359375
0 0.1765625 0.2 0.10078125 0.0453125
0 0.0609375 0.18203125 0.08671875 0.0484375
0 0.40078125 0.13046875 0.08125 0.0421875
0 0.65859375 0.2109375 0.11953125 0.0625