0 0.33828125 0.790625 0.42421875 0.19375
0 0.66953125 0.73515625 0.271875 0.1765625
0 0.91015625 0.67578125 0.1796875 0.140625
0 0.07890625 0.8171875 0.1546875 0.184375
0 0.0703125 0.65625 0.140625 0.134375
0 0.3046875 0.63984375 0.32890625 0.11875
0 0.5640625 0.60546875 0.26875 0.1046875
0 0.8 0.5578125 0.271875 0.103125
0 0.165625 0.49609375 0.2203125 0.115625
0 0.37109375 0.46484375 0.2171875 0.1046875
0 0.61171875 0.42890625 0.2203125 0.121875
0 0.8015625 0.42109375 0.1875 0.1109375
0 0.2921875 0.31640625 0.16328125 0.0890625
0 0.70546875 0.3546875 0.1171875 0.05625
0 0.540625 0.23515625 0.084375 0.053125
0 0.18515625 0.23359375 0.12265625 0.0640625
0 0.10859375 0.18984375 0.11953125 0.0515625
0 0.41875 0.2328125 0.10625 0.0640625
0 0.49765625 0.3046875 0.14375 0.0625
0 0.0390625 0.34609375 0.078125 0.0703125
0 0.1984375 0.14921875 0.084375 0.04375
0 0.27890625 0.14375 0.08125 0.0421875
0 0.37265625 0.1421875 0.0921875 0.0453125
0 0.47421875 0.1328125 0.08125 0.0390625
0 0.36015625 0.190625 0.0953125 0.04375
0 0.2515625 0.1875 0.09765625 0.046875
0 0.30703125 0.23359375 0.0953125 0.0421875
0 0.63828125 0.22265625 0.08671875 0.046875
0 0.73515625 0.21015625 0.0921875 0.0515625
0 0.7 0.128125 0.07890625 0.0390625
0 0.63203125 0.13515625 0.07578125 0.034375
0 0.8328125 0.16328125 0.06015625 0.05
0 0.09375 0.146875 0.103125 0.0421875
0 0.1578125 0.1203125 0.08671875 0.0296875
0 0.25390625 0.1171875 0.07890625 0.040625
0 0.7890625 0.1171875 0.10859375 0.05
0 0.35078125 0.0921875 0.0734375 0.0328125