0 0.41328125 0.74921875 0.3671875 0.209375
0 0.65625 0.61953125 0.25546875 0.1484375
0 0.83984375 0.50859375 0.2421875 0.121875
0 0.70234375 0.43828125 0.25546875 0.0984375
0 0.4875 0.525 0.28828125 0.115625
0 0.24296875 0.6046875 0.31484375 0.1109375
0 0.1453125 0.871875 0.290625 0.25625
0 0.86796875 0.375 0.22578125 0.1125
0 0.071875 0.6953125 0.14375 0.1609375
0 0.38828125 0.36015625 0.209375 0.1140625
0 0.52734375 0.3 0.14921875 0.103125
0 0.67109375 0.271875 0.14921875 0.0859375
0 0.18359375 0.3796875 0.23359375 0.121875
0 0.23125 0.28984375 0.18203125 0.0703125
0 0.384375 0.24453125 0.1578125 0.0828125
0 0.86171875 0.203125 0.165625 0.09375
0 0.1875 0.1578125 0.14140625 0.0625
0 0.3015625 0.13515625 0.10859375 0.0625
0 0.5828125 0.11328125 0.11953125 0.0625
0 0.04765625 0.3484375 0.0953125 0.08125
0 0.03828125 0.225 0.07578125 0.096875
0 0.95234375 0.040625 0.08984375 0.059375
0 0.615625 0.025 0.1359375 0.05
0 0.0703125 0.11484375 0.10078125 0.0578125
0 0.18046875 0.09609375 0.11953125 0.078125
0 0.36953125 0.06953125 0.11171875 0.053125
0 0.478125 0.053125 0.0953125 0.05
0 0.7515625 0.175 0.12734375 0.0546875
0 0.87890625 0.13828125 0.1140625 0.05625