0 0.43515625 0.7625 0.32890625 0.2109375
0 0.73671875 0.71953125 0.2796875 0.1765625
0 0.9578125 0.66328125 0.084375 0.1390625
0 0.88984375 0.55078125 0.2203125 0.1125
0 0.39140625 0.61875 0.3234375 0.115625
0 0.6578125 0.58125 0.2390625 0.103125
0 0.12265625 0.63359375 0.23671875 0.11875
0 0.11015625 0.79375 0.2203125 0.2
0 0.23671875 0.47109375 0.23125 0.121875
0 0.0703125 0.42109375 0.1328125 0.0875
0 0.4078125 0.4515625 0.24765625 0.125
0 0.68046875 0.41328125 0.18515625 0.1140625
0 0.88828125 0.40859375 0.1984375 0.1015625
0 0.740625 0.33828125 0.146875 0.0546875
0 0.9171875 0.3296875 0.165625 0.071875
0 0.35703125 0.28984375 0.18984375 0.0828125
0 0.553125 0.28984375 0.17421875 0.0859375
0 0.07734375 0.315625 0.146875 0.05625
0 0.5828125 0.2 0.08984375 0.059375
0 0.6890625 0.196875 0.08984375 0.0515625
0 0.7921875 0.190625 0.08125 0.05
0 0.8734375 0.13671875 0.06484375 0.0390625
0 0.4578125 0.2015625 0.125 0.0609375
0 0.34609375 0.20546875 0.0921875 0.0484375
0 0.23359375 0.2125 0.11171875 0.059375
0 0.23203125 0.12109375 0.0703125 0.0421875
0 0.321875 0.11796875 0.10859375 0.0421875
0 0.4140625 0.11171875 0.10078125 0.05
0 0.509375 0.10859375 0.103125 0.04375
0 0.59375 0.10703125 0.06484375 0.0359375
0 0.66875 0.10625 0.08671875 0.034375
0 0.74453125 0.10390625 0.07890625 0.0421875
0 0.79609375 0.13515625 0.07578125 0.0390625
0 0.15625 0.1625 0.13046875 0.059375
0 0.29921875 0.16015625 0.12734375 0.0484375
0 0.3984375 0.15546875 0.09765625 0.04375
0 0.1171875 0.11875 0.10859375 0.046875
0 0.053125 0.06953125 0.06484375 0.0328125
0 0.9578125 0.1734375 0.084375 0.046875
0 0.9671875 0.13203125 0.06484375 0.0359375
0 0.83046875 0.0984375 0.0734375 0.034375
0 0.90078125 0.10234375 0.0625 0.040625
0 0.3875 0.06328125 0.07890625 0.0296875
0 0.28125 0.08671875 0.08125 0.0234375
0 0.23671875 0.06328125 0.07890625 0.025