0 0.40078125 0.79375 0.09296875 0.14609375
0 0.55234375 0.7921875 0.1625 0.2421875
0 0.76328125 0.81640625 0.1359375 0.17890625
0 0.90390625 0.80234375 0.1234375 0.23203125
0 0.109375 0.87421875 0.19765625 0.25078125
0 0.4828125 0.62109375 0.1078125 0.11640625
0 0.36875 0.6421875 0.11015625 0.10546875
0 0.48515625 0.528125 0.1125 0.07265625
0 0.3703125 0.52734375 0.11328125 0.08125
0 0.43203125 0.43515625 0.1046875 0.08125
0 0.3140625 0.4484375 0.09765625 0.08125
0 0.42578125 0.37421875 0.07265625 0.05390625
0 0.34140625 0.36953125 0.08359375 0.05390625
0 0.39375 0.30703125 0.05546875 0.053125
0 0.31875 0.31953125 0.06640625 0.04765625
0 0.31328125 0.27265625 0.0640625 0.0390625
0 0.384375 0.234375 0.05078125 0.04296875
0 0.30859375 0.2265625 0.07265625 0.05
0 0.359375 0.19453125 0.053125 0.03515625
0 0.29921875 0.18046875 0.04921875 0.0328125
0 0.34140625 0.16171875 0.0359375 0.0296875
0 0.30234375 0.13671875 0.03125 0.02578125
0 0.34140625 0.13125 0.0390625 0.034375
0 0.68515625 0.61484375 0.1078125 0.12109375
0 0.7828125 0.60234375 0.10078125 0.1203125
0 0.1421875 0.6703125 0.14765625 0.13125
0 0.0328125 0.65078125 0.06484375 0.16640625
0 0.13515625 0.53203125 0.10234375 0.115625
0 0.0421875 0.515625 0.07109375 0.09140625
0 0.16015625 0.4453125 0.0953125 0.06953125
0 0.07734375 0.446875 0.06484375 0.0796875
0 0.153125 0.38828125 0.06328125 0.05859375
0 0.19296875 0.33671875 0.08515625 0.0875
0 0.08515625 0.3828125 0.0625 0.06015625
0 0.103125 0.33203125 0.05703125 0.05390625
0 0.1109375 0.28359375 0.053125 0.053125
0 0.19765625 0.271875 0.075 0.04375
0 0.1921875 0.23125 0.0515625 0.04765625
0 0.13828125 0.23359375 0.05078125 0.03671875
0 0.215625 0.1734375 0.0625 0.04375
0 0.13828125 0.2 0.04140625 0.028125
0 0.146875 0.1671875 0.04375 0.0390625
0 0.2109375 0.134375 0.05234375 0.03125
0 0.16484375 0.13671875 0.03828125 0.03046875
0 0.16953125 0.10390625 0.03515625 0.02734375
0 0.22578125 0.11015625 0.0484375 0.0359375
0 0.22109375 0.07734375 0.03984375 0.028125
0 0.17890625 0.075 0.0390625 0.025
0 0.29765625 0.1125 0.03203125 0.01796875
0 0.29140625 0.08515625 0.03359375 0.02109375
0 0.32734375 0.0765625 0.0265625 0.025
0 0.02578125 0.290625 0.05078125 0.06015625
0 0.05859375 0.215625 0.059375 0.06953125
0 0.075 0.165625 0.0515625 0.040625
0 0.028125 0.13671875 0.04375 0.02890625
0 0.02578125 0.1734375 0.04921875 0.028125
0 0.08046875 0.13515625 0.03828125 0.01875
0 0.08515625 0.1015625 0.034375 0.0328125
0 0.70625 0.48359375 0.1 0.08203125
0 0.60625 0.5234375 0.08046875 0.0890625
0 0.58828125 0.43984375 0.0828125 0.0609375
0 0.66328125 0.41796875 0.065625 0.059375
0 0.5390625 0.38828125 0.059375 0.06171875
0 0.609375 0.35625 0.078125 0.09375
0 0.57578125 0.28515625 0.0625 0.0484375
0 0.515625 0.3265625 0.0609375 0.06796875
0 0.459375 0.21484375 0.046875 0.04453125
0 0.478125 0.25859375 0.065625 0.04453125
0 0.5078125 0.19921875 0.05859375 0.0390625
0 0.5328125 0.240625 0.05078125 0.040625
0 0.45625 0.11953125 0.0421875 0.02890625
0 0.43046875 0.16328125 0.040625 0.05390625
0 0.47734375 0.1546875 0.04921875 0.0390625
0 0.90078125 0.5546875 0.109375 0.12890625
0 0.77890625 0.38984375 0.08515625 0.0671875
0 0.7125 0.34453125 0.059375 0.06484375
0 0.78046875 0.31171875 0.0578125 0.059375
0 0.840625 0.446875 0.0859375 0.06484375
0 0.9125 0.41875 0.06953125 0.0578125
0 0.946875 0.36640625 0.0625 0.06171875
0 0.88359375 0.33046875 0.0640625 0.040625
0 0.85078125 0.37421875 0.0546875 0.0625
0 0.68046875 0.2953125 0.05546875 0.0328125
0 0.73359375 0.2828125 0.0421875 0.040625
0 0.6421875 0.26015625 0.0515625 0.040625
0 0.6953125 0.2359375 0.0625 0.0421875
0 0.62109375 0.2328125 0.04375 0.0265625
0 0.6578125 0.20625 0.03515625 0.0359375
0 0.58203125 0.21796875 0.0421875 0.04453125
0 0.62890625 0.17890625 0.04296875 0.0265625
0 0.5671875 0.1796875 0.0390625 0.028125
0 0.55859375 0.15234375 0.0296875 0.0328125
0 0.53046875 0.1484375 0.02421875 0.0375
0 0.5828125 0.12578125 0.025 0.03125
0 0.853125 0.28671875 0.04609375 0.046875
0 0.79765625 0.25625 0.0671875 0.05390625
0 0.75703125 0.2203125 0.05 0.03515625
0 0.51953125 0.12265625 0.02421875 0.0234375
0 0.54140625 0.1078125 0.0265625 0.025
0 0.72109375 0.18125 0.04296875 0.04296875
0 0.96171875 0.2703125 0.0546875 0.06015625
0 0.86875 0.20546875 0.0421875 0.0421875
0 0.68359375 0.18671875 0.0296875 0.0421875
0 0.60703125 0.115625 0.0265625 0.02265625
0 0.63359375 0.1140625 0.0234375 0.02734375
0 0.6234375 0.14140625 0.03046875 0.03203125
0 0.66015625 0.13515625 0.03359375 0.03203125