0 0.49140625 0.88359375 0.325 0.2125
0 0.15859375 0.8953125 0.3171875 0.20625
0 0.46484375 0.671875 0.31171875 0.17578125
0 0.1953125 0.6734375 0.190625 0.17109375
0 0.734375 0.67421875 0.2140625 0.15078125
0 0.928125 0.66484375 0.14375 0.1578125
0 0.6671875 0.55390625 0.18359375 0.0921875
0 0.8609375 0.540625 0.18359375 0.0890625
0 0.33671875 0.53984375 0.2109375 0.090625
0 0.11953125 0.54296875 0.2390625 0.096875
0 0.3546875 0.4671875 0.21015625 0.06953125
0 0.14296875 0.46328125 0.21796875 0.05625
0 0.27578125 0.4015625 0.196875 0.06796875
0 0.0734375 0.39609375 0.146875 0.0765625
0 0.26328125 0.3359375 0.19453125 0.0546875
0 0.103125 0.3375 0.1234375 0.04375
0 0.75 0.4234375 0.1984375 0.05390625
0 0.59453125 0.4671875 0.1359375 0.059375
0 0.746875 0.4734375 0.15234375 0.0515625
0 0.54453125 0.4078125 0.20625 0.05625
0 0.48515625 0.35625 0.134375 0.0453125
0 0.5984375 0.315625 0.1078125 0.03671875
0 0.6296875 0.3578125 0.11953125 0.04609375
0 0.52421875 0.27265625 0.1 0.0328125
0 0.45703125 0.31171875 0.1515625 0.0359375
0 0.77421875 0.340625 0.121875 0.05859375
0 0.92734375 0.32265625 0.1453125 0.0375
0 0.91953125 0.39375 0.1453125 0.084375
0 0.22890625 0.2828125 0.1109375 0.046875
0 0.21171875 0.2328125 0.11953125 0.04453125
0 0.09453125 0.28515625 0.14609375 0.05234375
0 0.08359375 0.20859375 0.12265625 0.0421875
0 0.07578125 0.24375 0.134375 0.02578125
0 0.4203125 0.2703125 0.078125 0.03984375
0 0.3375 0.2203125 0.07265625 0.046875
0 0.41875 0.19453125 0.075 0.05390625
0 0.36640625 0.13515625 0.08671875 0.03125
0 0.30703125 0.17734375 0.115625 0.034375
0 0.7578125 0.25625 0.146875 0.0390625
0 0.65546875 0.28359375 0.08515625 0.04140625
0 0.8078125 0.29140625 0.1390625 0.03671875
0 0.575 0.2265625 0.090625 0.0453125
0 0.6640625 0.20390625 0.09140625 0.03359375
0 0.68671875 0.22578125 0.11171875 0.02265625
0 0.89765625 0.25703125 0.0671875 0.06640625
0 0.96796875 0.27421875 0.0640625 0.0484375
0 0.83515625 0.23046875 0.04765625 0.03984375
0 0.96875 0.225 0.0625 0.040625
0 0.5625 0.190625 0.08359375 0.0265625