0 0.33671875 0.9046875 0.32578125 0.190625
0 0.071875 0.9421875 0.14375 0.115625
0 0.2546875 0.6875 0.35234375 0.1640625
0 0.03671875 0.70546875 0.0734375 0.1921875
0 0.146875 0.54921875 0.265625 0.096875
0 0.15703125 0.47109375 0.265625 0.0703125
0 0.096875 0.39140625 0.16484375 0.059375
0 0.07265625 0.32734375 0.14375 0.0640625
0 0.61953125 0.6484375 0.2671875 0.14140625
0 0.85546875 0.64765625 0.2203125 0.1703125
0 0.7046875 0.5203125 0.1875 0.10546875
0 0.51484375 0.5265625 0.18671875 0.09609375
0 0.58125 0.43046875 0.15703125 0.0703125
0 0.41953125 0.45234375 0.16875 0.065625
0 0.37578125 0.39765625 0.17109375 0.05546875
0 0.5078125 0.3734375 0.0984375 0.0453125
0 0.425 0.3015625 0.11015625 0.040625
0 0.44296875 0.34375 0.096875 0.04140625
0 0.296875 0.35 0.178125 0.05390625
0 0.3359375 0.25859375 0.1203125 0.04453125
0 0.259375 0.2984375 0.15703125 0.0484375
0 0.20703125 0.2546875 0.12734375 0.0390625
0 0.1296875 0.19375 0.1125 0.04140625
0 0.225 0.1765625 0.08828125 0.03359375
0 0.2828125 0.21796875 0.11796875 0.03515625
0 0.14609375 0.1125 0.0859375 0.03359375
0 0.16796875 0.14453125 0.0734375 0.02421875
0 0.0859375 0.14453125 0.0828125 0.0390625
0 0.59296875 0.3125 0.11015625 0.06015625
0 0.57890625 0.22109375 0.10703125 0.04140625
0 0.484375 0.24453125 0.10859375 0.04765625
0 0.57734375 0.2625 0.06953125 0.0484375
0 0.87421875 0.47421875 0.17421875 0.08125
0 0.9171875 0.36875 0.0921875 0.04609375
0 0.81328125 0.40546875 0.15234375 0.05703125
0 0.384375 0.20703125 0.07421875 0.0421875
0 0.3734375 0.16875 0.0765625 0.034375
0 0.43671875 0.1546875 0.06484375 0.02265625
0 0.4359375 0.1734375 0.0609375 0.02109375
0 0.4984375 0.1890625 0.07734375 0.0375
0 0.715625 0.28828125 0.08828125 0.028125
0 0.69140625 0.33828125 0.0828125 0.06328125
0 0.81875 0.31953125 0.0875 0.04453125
0 0.76640625 0.3578125 0.0640625 0.03515625
0 0.83515625 0.359375 0.05234375 0.0328125
0 0.2828125 0.13515625 0.08046875 0.040625
0 0.26015625 0.08125 0.05703125 0.02109375
0 0.3484375 0.1125 0.053125 0.02890625
0 0.83125 0.25859375 0.09453125 0.03515625
0 0.90625 0.30625 0.08671875 0.03828125
0 0.98046875 0.315625 0.03828125 0.06484375
0 0.734375 0.246875 0.0921875 0.0421875
0 0.6828125 0.21875 0.075 0.03046875
0 0.5546875 0.1484375 0.0515625 0.02265625
0 0.63125 0.16875 0.078125 0.01953125
0 0.56953125 0.17578125 0.0390625 0.03359375
0 0.63984375 0.19296875 0.065625 0.01875
0 0.70546875 0.18828125 0.04375 0.02578125
0 0.8125 0.21875 0.07734375 0.02578125
0 0.440625 0.13125 0.053125 0.0203125
0 0.5078125 0.1390625 0.06328125 0.0171875
0 0.5 0.1578125 0.0578125 0.0234375