0 0.46171875 0.88671875 0.2734375 0.20390625
0 0.128125 0.8953125 0.2546875 0.20859375
0 0.15546875 0.67734375 0.2296875 0.1328125
0 0.41484375 0.671875 0.290625 0.1734375
0 0.290625 0.5375 0.20234375 0.08984375
0 0.08359375 0.5453125 0.1671875 0.10625
0 0.103125 0.45546875 0.196875 0.0609375
0 0.3234375 0.465625 0.20546875 0.0859375
0 0.24609375 0.3921875 0.18515625 0.06953125
0 0.05390625 0.38125 0.1078125 0.078125
0 0.2109375 0.321875 0.171875 0.0640625
0 0.06015625 0.321875 0.1203125 0.04453125
0 0.1828125 0.2625 0.1359375 0.05078125
0 0.06796875 0.27421875 0.11171875 0.04921875
0 0.63515625 0.5390625 0.2046875 0.09375
0 0.834375 0.53984375 0.16875 0.0828125
0 0.71640625 0.6640625 0.26484375 0.14375
0 0.92890625 0.66015625 0.1421875 0.1671875
0 0.5421875 0.4625 0.1515625 0.0703125
0 0.5140625 0.4 0.16015625 0.05859375
0 0.71171875 0.44921875 0.16328125 0.065625
0 0.6734375 0.39453125 0.13203125 0.0453125
0 0.43671875 0.34765625 0.175 0.05546875
0 0.5953125 0.34765625 0.1078125 0.0484375
0 0.1671875 0.2203125 0.10390625 0.03203125
0 0.940625 0.41640625 0.11875 0.059375
0 0.48203125 0.26484375 0.10234375 0.03359375
0 0.55546875 0.303125 0.10625 0.03828125
0 0.4109375 0.30234375 0.1546875 0.040625
0 0.36875 0.2625 0.11875 0.03671875
0 0.28671875 0.18984375 0.09765625 0.02265625
0 0.31328125 0.22578125 0.115625 0.0359375
0 0.3671875 0.18828125 0.08125 0.028125
0 0.42578125 0.221875 0.10078125 0.0359375
0 0.5359375 0.221875 0.07890625 0.0484375
0 0.6 0.19296875 0.0796875 0.03046875
0 0.65390625 0.2203125 0.0953125 0.02421875
0 0.61015625 0.271875 0.07578125 0.03984375
0 0.71015625 0.246875 0.11484375 0.0390625
0 0.6984375 0.2890625 0.09453125 0.0296875
0 0.72890625 0.32734375 0.128125 0.03828125
0 0.85234375 0.309375 0.1109375 0.0328125
0 0.8296875 0.36640625 0.0796875 0.05859375
0 0.9484375 0.35234375 0.103125 0.0453125
0 0.31015625 0.121875 0.04609375 0.02578125
0 0.35078125 0.15703125 0.078125 0.03515625
0 0.025 0.19765625 0.046875 0.03203125
0 0.0421875 0.234375 0.084375 0.03203125
0 0.09921875 0.19609375 0.096875 0.01953125
0 0.09609375 0.1703125 0.0765625 0.03046875
0 0.25390625 0.1515625 0.0859375 0.05
0 0.19296875 0.11640625 0.03984375 0.03515625
0 0.9453125 0.21015625 0.084375 0.0359375
0 0.88984375 0.2703125 0.1125 0.04296875
0 0.86328125 0.1875 0.06328125 0.02734375
0 0.8390625 0.2375 0.0765625 0.0296875
0 0.78359375 0.21171875 0.075 0.02890625
0 0.71171875 0.2015625 0.075 0.03046875
0 0.509375 0.1828125 0.08046875 0.03125
0 0.57109375 0.16484375 0.07265625 0.02265625
0 0.70703125 0.17109375 0.0734375 0.03046875
0 0.64296875 0.1578125 0.0625 0.0296875