0 0.30234375 0.87265625 0.26328125 0.184375
0 0.0421875 0.9375 0.08125 0.0859375
0 0.1734375 0.67421875 0.33671875 0.184375
0 0.0921875 0.5390625 0.184375 0.071875
0 0.09296875 0.465625 0.18515625 0.07265625
0 0.52265625 0.6234375 0.24375 0.12578125
0 0.76171875 0.60546875 0.23125 0.1484375
0 0.58203125 0.49765625 0.1828125 0.07890625
0 0.42578125 0.52421875 0.1796875 0.06875
0 0.2578125 0.3890625 0.1609375 0.0421875
0 0.31015625 0.43984375 0.1890625 0.06484375
0 0.40078125 0.3546875 0.12109375 0.04609375
0 0.471875 0.415625 0.17265625 0.05390625
0 0.16015625 0.33515625 0.15078125 0.04921875
0 0.296875 0.3265625 0.109375 0.0484375
0 0.1890625 0.240625 0.12578125 0.034375
0 0.24921875 0.28359375 0.1734375 0.03984375
0 0.09609375 0.284375 0.1046875 0.0375
0 0.0453125 0.22265625 0.08984375 0.0390625
0 0.13046875 0.20390625 0.1 0.034375
0 0.090625 0.1703125 0.09921875 0.03671875
0 0.89453125 0.4125 0.1453125 0.09296875
0 0.70078125 0.38125 0.17734375 0.05390625
0 0.753125 0.4453125 0.184375 0.0671875
0 0.5578125 0.3328125 0.109375 0.06171875
0 0.4578125 0.3046875 0.10859375 0.0515625
0 0.58671875 0.275 0.12734375 0.040625
0 0.69921875 0.31875 0.115625 0.0625
0 0.35234375 0.23125 0.13515625 0.03984375
0 0.41328125 0.2625 0.0921875 0.02421875
0 0.5 0.246875 0.06953125 0.03515625
0 0.434375 0.20234375 0.08984375 0.03515625
0 0.23125 0.19453125 0.0875 0.05625
0 0.33125 0.19296875 0.10390625 0.040625
0 0.48828125 0.1765625 0.06875 0.04921875
0 0.571875 0.20390625 0.06875 0.0390625
0 0.69296875 0.24375 0.10234375 0.034375
0 0.934375 0.346875 0.12578125 0.0515625
0 0.81875 0.32734375 0.10078125 0.0484375
0 0.9484375 0.3015625 0.103125 0.04140625
0 0.85546875 0.284375 0.09453125 0.040625
0 0.2703125 0.14296875 0.078125 0.03046875
0 0.18515625 0.1328125 0.08828125 0.02734375
0 0.36484375 0.13203125 0.06328125 0.03671875
0 0.42890625 0.15859375 0.04921875 0.040625
0 0.60546875 0.23828125 0.0671875 0.0265625
0 0.6578125 0.209375 0.06015625 0.03046875
0 0.85234375 0.234375 0.078125 0.03515625
0 0.778125 0.27265625 0.05625 0.05703125