0 0.66328125 0.9046875 0.32578125 0.190625
0 0.928125 0.9421875 0.14375 0.115625
0 0.7453125 0.6875 0.35234375 0.1640625
0 0.96328125 0.70546875 0.0734375 0.1921875
0 0.853125 0.54921875 0.265625 0.096875
0 0.84296875 0.47109375 0.265625 0.0703125
0 0.903125 0.39140625 0.16484375 0.059375
0 0.92734375 0.32734375 0.14375 0.0640625
0 0.38046875 0.6484375 0.2671875 0.14140625
0 0.14453125 0.64765625 0.2203125 0.1703125
0 0.2953125 0.5203125 0.1875 0.10546875
0 0.48515625 0.5265625 0.18671875 0.09609375
0 0.41875 0.43046875 0.15703125 0.0703125
0 0.58046875 0.45234375 0.16875 0.065625
0 0.62421875 0.39765625 0.17109375 0.05546875
0 0.4921875 0.3734375 0.0984375 0.0453125
0 0.575 0.3015625 0.11015625 0.040625
0 0.55703125 0.34375 0.096875 0.04140625
0 0.703125 0.35 0.178125 0.05390625
0 0.6640625 0.25859375 0.1203125 0.04453125
0 0.740625 0.2984375 0.15703125 0.0484375
0 0.79296875 0.2546875 0.12734375 0.0390625
0 0.8703125 0.19375 0.1125 0.04140625
0 0.775 0.1765625 0.08828125 0.03359375
0 0.7171875 0.21796875 0.11796875 0.03515625
0 0.85390625 0.1125 0.0859375 0.03359375
0 0.83203125 0.14453125 0.0734375 0.02421875
0 0.9140625 0.14453125 0.0828125 0.0390625
0 0.40703125 0.3125 0.11015625 0.06015625
0 0.42109375 0.22109375 0.10703125 0.04140625
0 0.515625 0.24453125 0.10859375 0.04765625
0 0.42265625 0.2625 0.06953125 0.0484375
0 0.12578125 0.47421875 0.17421875 0.08125
0 0.0828125 0.36875 0.0921875 0.04609375
0 0.18671875 0.40546875 0.15234375 0.05703125
0 0.615625 0.20703125 0.07421875 0.0421875
0 0.6265625 0.16875 0.0765625 0.034375
0 0.56328125 0.1546875 0.06484375 0.02265625
0 0.5640625 0.1734375 0.0609375 0.02109375
0 0.5015625 0.1890625 0.07734375 0.0375
0 0.284375 0.28828125 0.08828125 0.028125
0 0.30859375 0.33828125 0.0828125 0.06328125
0 0.18125 0.31953125 0.0875 0.04453125
0 0.23359375 0.3578125 0.0640625 0.03515625
0 0.16484375 0.359375 0.05234375 0.0328125
0 0.7171875 0.13515625 0.08046875 0.040625
0 0.73984375 0.08125 0.05703125 0.02109375
0 0.6515625 0.1125 0.053125 0.02890625
0 0.16875 0.25859375 0.09453125 0.03515625
0 0.09375 0.30625 0.08671875 0.03828125
0 0.01953125 0.315625 0.03828125 0.06484375
0 0.265625 0.246875 0.0921875 0.0421875
0 0.3171875 0.21875 0.075 0.03046875
0 0.4453125 0.1484375 0.0515625 0.02265625
0 0.36875 0.16875 0.078125 0.01953125
0 0.43046875 0.17578125 0.0390625 0.03359375
0 0.36015625 0.19296875 0.065625 0.01875
0 0.29453125 0.18828125 0.04375 0.02578125
0 0.1875 0.21875 0.07734375 0.02578125
0 0.559375 0.13125 0.053125 0.0203125
0 0.4921875 0.1390625 0.06328125 0.0171875
0 0.5 0.1578125 0.0578125 0.0234375