0 0.50859375 0.88359375 0.325 0.2125
0 0.84140625 0.8953125 0.3171875 0.20625
0 0.53515625 0.671875 0.31171875 0.17578125
0 0.8046875 0.6734375 0.190625 0.17109375
0 0.265625 0.67421875 0.2140625 0.15078125
0 0.071875 0.66484375 0.14375 0.1578125
0 0.3328125 0.55390625 0.18359375 0.0921875
0 0.1390625 0.540625 0.18359375 0.0890625
0 0.66328125 0.53984375 0.2109375 0.090625
0 0.88046875 0.54296875 0.2390625 0.096875
0 0.6453125 0.4671875 0.21015625 0.06953125
0 0.85703125 0.46328125 0.21796875 0.05625
0 0.72421875 0.4015625 0.196875 0.06796875
0 0.9265625 0.39609375 0.146875 0.0765625
0 0.73671875 0.3359375 0.19453125 0.0546875
0 0.896875 0.3375 0.1234375 0.04375
0 0.25 0.4234375 0.1984375 0.05390625
0 0.40546875 0.4671875 0.1359375 0.059375
0 0.253125 0.4734375 0.15234375 0.0515625
0 0.45546875 0.4078125 0.20625 0.05625
0 0.51484375 0.35625 0.134375 0.0453125
0 0.4015625 0.315625 0.1078125 0.03671875
0 0.3703125 0.3578125 0.11953125 0.04609375
0 0.47578125 0.27265625 0.1 0.0328125
0 0.54296875 0.31171875 0.1515625 0.0359375
0 0.22578125 0.340625 0.121875 0.05859375
0 0.07265625 0.32265625 0.1453125 0.0375
0 0.08046875 0.39375 0.1453125 0.084375
0 0.77109375 0.2828125 0.1109375 0.046875
0 0.78828125 0.2328125 0.11953125 0.04453125
0 0.90546875 0.28515625 0.14609375 0.05234375
0 0.91640625 0.20859375 0.12265625 0.0421875
0 0.92421875 0.24375 0.134375 0.02578125
0 0.5796875 0.2703125 0.078125 0.03984375
0 0.6625 0.2203125 0.07265625 0.046875
0 0.58125 0.19453125 0.075 0.05390625
0 0.63359375 0.13515625 0.08671875 0.03125
0 0.69296875 0.17734375 0.115625 0.034375
0 0.2421875 0.25625 0.146875 0.0390625
0 0.34453125 0.28359375 0.08515625 0.04140625
0 0.1921875 0.29140625 0.1390625 0.03671875
0 0.425 0.2265625 0.090625 0.0453125
0 0.3359375 0.20390625 0.09140625 0.03359375
0 0.31328125 0.22578125 0.11171875 0.02265625
0 0.10234375 0.25703125 0.0671875 0.06640625
0 0.03203125 0.27421875 0.0640625 0.0484375
0 0.16484375 0.23046875 0.04765625 0.03984375
0 0.03125 0.225 0.0625 0.040625
0 0.4375 0.190625 0.08359375 0.0265625