0 0.69765625 0.87265625 0.26328125 0.184375
0 0.9578125 0.9375 0.08125 0.0859375
0 0.8265625 0.67421875 0.33671875 0.184375
0 0.9078125 0.5390625 0.184375 0.071875
0 0.90703125 0.465625 0.18515625 0.07265625
0 0.47734375 0.6234375 0.24375 0.12578125
0 0.23828125 0.60546875 0.23125 0.1484375
0 0.41796875 0.49765625 0.1828125 0.07890625
0 0.57421875 0.52421875 0.1796875 0.06875
0 0.7421875 0.3890625 0.1609375 0.0421875
0 0.68984375 0.43984375 0.1890625 0.06484375
0 0.59921875 0.3546875 0.12109375 0.04609375
0 0.528125 0.415625 0.17265625 0.05390625
0 0.83984375 0.33515625 0.15078125 0.04921875
0 0.703125 0.3265625 0.109375 0.0484375
0 0.8109375 0.240625 0.12578125 0.034375
0 0.75078125 0.28359375 0.1734375 0.03984375
0 0.90390625 0.284375 0.1046875 0.0375
0 0.9546875 0.22265625 0.08984375 0.0390625
0 0.86953125 0.20390625 0.1 0.034375
0 0.909375 0.1703125 0.09921875 0.03671875
0 0.10546875 0.4125 0.1453125 0.09296875
0 0.29921875 0.38125 0.17734375 0.05390625
0 0.246875 0.4453125 0.184375 0.0671875
0 0.4421875 0.3328125 0.109375 0.06171875
0 0.5421875 0.3046875 0.10859375 0.0515625
0 0.41328125 0.275 0.12734375 0.040625
0 0.30078125 0.31875 0.115625 0.0625
0 0.64765625 0.23125 0.13515625 0.03984375
0 0.58671875 0.2625 0.0921875 0.02421875
0 0.5 0.246875 0.06953125 0.03515625
0 0.565625 0.20234375 0.08984375 0.03515625
0 0.76875 0.19453125 0.0875 0.05625
0 0.66875 0.19296875 0.10390625 0.040625
0 0.51171875 0.1765625 0.06875 0.04921875
0 0.428125 0.20390625 0.06875 0.0390625
0 0.30703125 0.24375 0.10234375 0.034375
0 0.065625 0.346875 0.12578125 0.0515625
0 0.18125 0.32734375 0.10078125 0.0484375
0 0.0515625 0.3015625 0.103125 0.04140625
0 0.14453125 0.284375 0.09453125 0.040625
0 0.7296875 0.14296875 0.078125 0.03046875
0 0.81484375 0.1328125 0.08828125 0.02734375
0 0.63515625 0.13203125 0.06328125 0.03671875
0 0.57109375 0.15859375 0.04921875 0.040625
0 0.39453125 0.23828125 0.0671875 0.0265625
0 0.3421875 0.209375 0.06015625 0.03046875
0 0.14765625 0.234375 0.078125 0.03515625
0 0.221875 0.27265625 0.05625 0.05703125