0 0.37265625 0.91328125 0.32890625 0.1734375
0 0.790625 0.90546875 0.415625 0.184375
0 0.39140625 0.7078125 0.26328125 0.1796875
0 0.64375 0.69609375 0.28984375 0.16484375
0 0.50234375 0.56171875 0.19296875 0.10546875
0 0.72421875 0.5546875 0.27265625 0.1234375
0 0.490625 0.4859375 0.2359375 0.0890625
0 0.69609375 0.46875 0.21953125 0.06171875
0 0.55546875 0.40234375 0.19140625 0.084375
0 0.77265625 0.40234375 0.20625 0.0859375
0 0.5578125 0.33515625 0.15703125 0.0609375
0 0.71015625 0.3375 0.14375 0.05703125
0 0.59140625 0.27421875 0.1359375 0.05625
0 0.72890625 0.29296875 0.14375 0.05
0 0.74375 0.2515625 0.12421875 0.03984375
0 0.60625 0.22578125 0.12421875 0.0453125
0 0.74765625 0.21796875 0.15390625 0.04921875
0 0.6421875 0.18515625 0.109375 0.0390625
0 0.74765625 0.18125 0.0921875 0.04140625
0 0.16875 0.57890625 0.23046875 0.09921875
0 0.11640625 0.7171875 0.2328125 0.16875
0 0.07734375 0.48046875 0.1546875 0.0890625
0 0.25234375 0.46640625 0.18984375 0.1296875
0 0.1234375 0.41015625 0.11484375 0.0515625
0 0.33671875 0.37109375 0.146875 0.05625
0 0.203125 0.3484375 0.128125 0.08515625
0 0.04765625 0.3640625 0.0953125 0.078125
0 0.93359375 0.24140625 0.1328125 0.0375
0 0.93515625 0.3015625 0.1296875 0.07578125
0 0.278125 0.2875 0.121875 0.04296875
0 0.17109375 0.246875 0.10390625 0.05
0 0.12734375 0.2828125 0.13671875 0.03046875
0 0.0546875 0.2546875 0.10859375 0.040625
0 0.39609375 0.31953125 0.1390625 0.046875
0 0.39609375 0.28125 0.13046875 0.04296875
0 0.45703125 0.225 0.12421875 0.0546875
0 0.34140625 0.23046875 0.09375 0.05625
0 0.4484375 0.1390625 0.09921875 0.03515625
0 0.409375 0.17890625 0.1 0.04453125
0 0.50078125 0.18125 0.0890625 0.04765625
0 0.2546875 0.19375 0.09296875 0.03046875
0 0.15625 0.20546875 0.08359375 0.02890625
0 0.03125 0.21328125 0.0625 0.04140625
0 0.89921875 0.15234375 0.13515625 0.03515625
0 0.92265625 0.19140625 0.125 0.0375
0 0.6625 0.134375 0.0859375 0.0421875
0 0.54375 0.1375 0.0984375 0.04140625
0 0.30546875 0.16328125 0.09375 0.0265625
0 0.18828125 0.1796875 0.09296875 0.02421875
0 0.2796875 0.1328125 0.06484375 0.025
0 0.7484375 0.1421875 0.08671875 0.0390625
0 0.4734375 0.1078125 0.08828125 0.02578125
0 0.56875 0.1015625 0.09140625 0.03203125
0 0.32578125 0.10703125 0.065625 0.0234375
0 0.3640625 0.13203125 0.084375 0.0265625
0 0.675 0.0890625 0.07421875 0.02734375
0 0.7515625 0.0890625 0.0734375 0.0265625
0 0.89140625 0.12265625 0.1015625 0.025
0 0.8765625 0.1 0.0984375 0.0234375
0 0.9609375 0.09765625 0.06953125 0.021875
0 0.97265625 0.12109375 0.0546875 0.0296875
0 0.190625 0.14453125 0.08671875 0.0203125
0 0.13828125 0.165625 0.06328125 0.021875
0 0.1046875 0.1796875 0.0609375 0.03515625
0 0.0375 0.18203125 0.0671875 0.0265625
0 0.87734375 0.0734375 0.07734375 0.02421875
0 0.95703125 0.0734375 0.0859375 0.02421875
0 0.39140625 0.10859375 0.07734375 0.01953125
0 0.434375 0.08671875 0.07109375 0.02734375
0 0.3640625 0.08515625 0.05546875 0.02265625
0 0.1203125 0.14453125 0.05625 0.02265625