0 0.54296875 0.9015625 0.32109375 0.196875
0 0.8625 0.7078125 0.2125 0.17734375
0 0.58203125 0.684375 0.35859375 0.1828125
0 0.9015625 0.54921875 0.19609375 0.11328125
0 0.69453125 0.55078125 0.24921875 0.09921875
0 0.671875 0.4703125 0.28515625 0.08125
0 0.89921875 0.46328125 0.2015625 0.06875
0 0.246875 0.67109375 0.21171875 0.1171875
0 0.11875 0.54765625 0.18125 0.09296875
0 0.06796875 0.64921875 0.1359375 0.1203125
0 0.32578125 0.56484375 0.18828125 0.0859375
0 0.23203125 0.44609375 0.19609375 0.0796875
0 0.7578125 0.38984375 0.23203125 0.0703125
0 0.9390625 0.39375 0.121875 0.0875
0 0.75234375 0.32890625 0.19140625 0.06875
0 0.91640625 0.3296875 0.14609375 0.05390625
0 0.81796875 0.26796875 0.17265625 0.0515625
0 0.82109375 0.215625 0.1359375 0.05234375
0 0.94921875 0.2640625 0.1015625 0.08203125
0 0.9453125 0.20390625 0.109375 0.05546875
0 0.459375 0.39765625 0.16953125 0.05
0 0.396875 0.4625 0.1375 0.0703125
0 0.32421875 0.37578125 0.13359375 0.04609375
0 0.84921875 0.16875 0.10703125 0.03984375
0 0.95625 0.15859375 0.08671875 0.0359375
0 0.52734375 0.3484375 0.153125 0.0453125
0 0.37265625 0.34140625 0.08125 0.03359375
0 0.40703125 0.30234375 0.090625 0.04765625
0 0.2203125 0.32890625 0.11484375 0.0578125
0 0.0703125 0.31015625 0.1390625 0.04140625
0 0.0890625 0.365625 0.1734375 0.07421875
0 0.47890625 0.2578125 0.1 0.03515625
0 0.5328125 0.3015625 0.18203125 0.059375
0 0.5953125 0.2578125 0.12578125 0.04140625
0 0.15859375 0.2765625 0.09375 0.03515625
0 0.225 0.2328125 0.12109375 0.0453125
0 0.328125 0.253125 0.13671875 0.04453125
0 0.26171875 0.28515625 0.11953125 0.03359375
0 0.66484375 0.19609375 0.1015625 0.0328125
0 0.63671875 0.2265625 0.13046875 0.02265625
0 0.653125 0.1171875 0.0828125 0.02734375
0 0.71015625 0.1671875 0.1 0.034375
0 0.62421875 0.153125 0.09765625 0.0375
0 0.5859375 0.19140625 0.0734375 0.04296875
0 0.41796875 0.2140625 0.084375 0.04140625
0 0.30625 0.20546875 0.09453125 0.03125
0 0.75703125 0.11328125 0.09375 0.02734375
0 0.73046875 0.1375 0.090625 0.02109375
0 0.86875 0.11796875 0.0796875 0.03828125
0 0.953125 0.12109375 0.09375 0.03828125
0 0.5140625 0.228125 0.0796875 0.02890625
0 0.34765625 0.18046875 0.0828125 0.01953125
0 0.45234375 0.1765625 0.07421875 0.03125
0 0.3734375 0.159375 0.0640625 0.02421875
0 0.0625 0.26328125 0.11015625 0.0453125
0 0.115625 0.22421875 0.0953125 0.03046875
0 0.1640625 0.18046875 0.07421875 0.025
0 0.2375 0.1890625 0.06796875 0.02734375
0 0.29765625 0.16796875 0.05625 0.0265625
0 0.2421875 0.15625 0.05078125 0.02421875