0 0.45703125 0.9015625 0.32109375 0.196875
0 0.1375 0.7078125 0.2125 0.17734375
0 0.41796875 0.684375 0.35859375 0.1828125
0 0.0984375 0.54921875 0.19609375 0.11328125
0 0.30546875 0.55078125 0.24921875 0.09921875
0 0.328125 0.4703125 0.28515625 0.08125
0 0.10078125 0.46328125 0.2015625 0.06875
0 0.753125 0.67109375 0.21171875 0.1171875
0 0.88125 0.54765625 0.18125 0.09296875
0 0.93203125 0.64921875 0.1359375 0.1203125
0 0.67421875 0.56484375 0.18828125 0.0859375
0 0.76796875 0.44609375 0.19609375 0.0796875
0 0.2421875 0.38984375 0.23203125 0.0703125
0 0.0609375 0.39375 0.121875 0.0875
0 0.24765625 0.32890625 0.19140625 0.06875
0 0.08359375 0.3296875 0.14609375 0.05390625
0 0.18203125 0.26796875 0.17265625 0.0515625
0 0.17890625 0.215625 0.1359375 0.05234375
0 0.05078125 0.2640625 0.1015625 0.08203125
0 0.0546875 0.20390625 0.109375 0.05546875
0 0.540625 0.39765625 0.16953125 0.05
0 0.603125 0.4625 0.1375 0.0703125
0 0.67578125 0.37578125 0.13359375 0.04609375
0 0.15078125 0.16875 0.10703125 0.03984375
0 0.04375 0.15859375 0.08671875 0.0359375
0 0.47265625 0.3484375 0.153125 0.0453125
0 0.62734375 0.34140625 0.08125 0.03359375
0 0.59296875 0.30234375 0.090625 0.04765625
0 0.7796875 0.32890625 0.11484375 0.0578125
0 0.9296875 0.31015625 0.1390625 0.04140625
0 0.9109375 0.365625 0.1734375 0.07421875
0 0.52109375 0.2578125 0.1 0.03515625
0 0.4671875 0.3015625 0.18203125 0.059375
0 0.4046875 0.2578125 0.12578125 0.04140625
0 0.84140625 0.2765625 0.09375 0.03515625
0 0.775 0.2328125 0.12109375 0.0453125
0 0.671875 0.253125 0.13671875 0.04453125
0 0.73828125 0.28515625 0.11953125 0.03359375
0 0.33515625 0.19609375 0.1015625 0.0328125
0 0.36328125 0.2265625 0.13046875 0.02265625
0 0.346875 0.1171875 0.0828125 0.02734375
0 0.28984375 0.1671875 0.1 0.034375
0 0.37578125 0.153125 0.09765625 0.0375
0 0.4140625 0.19140625 0.0734375 0.04296875
0 0.58203125 0.2140625 0.084375 0.04140625
0 0.69375 0.20546875 0.09453125 0.03125
0 0.24296875 0.11328125 0.09375 0.02734375
0 0.26953125 0.1375 0.090625 0.02109375
0 0.13125 0.11796875 0.0796875 0.03828125
0 0.046875 0.12109375 0.09375 0.03828125
0 0.4859375 0.228125 0.0796875 0.02890625
0 0.65234375 0.18046875 0.0828125 0.01953125
0 0.54765625 0.1765625 0.07421875 0.03125
0 0.6265625 0.159375 0.0640625 0.02421875
0 0.9375 0.26328125 0.11015625 0.0453125
0 0.884375 0.22421875 0.0953125 0.03046875
0 0.8359375 0.18046875 0.07421875 0.025
0 0.7625 0.1890625 0.06796875 0.02734375
0 0.70234375 0.16796875 0.05625 0.0265625
0 0.7578125 0.15625 0.05078125 0.02421875