0 0.60078125 0.8890625 0.32265625 0.20390625
0 0.2078125 0.87578125 0.40703125 0.234375
0 0.56953125 0.6671875 0.25390625 0.16640625
0 0.32109375 0.66484375 0.25234375 0.171875
0 0.2453125 0.528125 0.20234375 0.09140625
0 0.46015625 0.5359375 0.196875 0.11015625
0 0.67578125 0.40703125 0.16640625 0.05703125
0 0.71640625 0.4640625 0.1703125 0.08125
0 0.796875 0.553125 0.1859375 0.08359375
0 0.86328125 0.67265625 0.1890625 0.12421875
0 0.95234375 0.56484375 0.0953125 0.1015625
0 0.89453125 0.45390625 0.16796875 0.0765625
0 0.81328125 0.39375 0.12109375 0.05234375
0 0.40625 0.3921875 0.16171875 0.06875
0 0.4625 0.459375 0.2171875 0.059375
0 0.2671875 0.453125 0.19296875 0.0625
0 0.1828125 0.384375 0.1359375 0.06796875
0 0.390625 0.32734375 0.128125 0.06015625
0 0.25 0.3296875 0.140625 0.0546875
0 0.33046875 0.26796875 0.11953125 0.0578125
0 0.21640625 0.28125 0.1234375 0.053125
0 0.1984375 0.24140625 0.12734375 0.03046875
0 0.1859375 0.2046875 0.13828125 0.05078125
0 0.3375 0.21953125 0.12734375 0.03671875
0 0.303125 0.1828125 0.1046875 0.03828125
0 0.603125 0.35 0.15234375 0.0453125
0 0.74609375 0.3515625 0.09765625 0.0421875
0 0.7109375 0.3078125 0.12890625 0.040625
0 0.5703125 0.30546875 0.13359375 0.03984375
0 0.65703125 0.26875 0.10546875 0.03359375
0 0.53984375 0.27109375 0.11953125 0.03203125
0 0.63515625 0.234375 0.08203125 0.0265625
0 0.79609375 0.284375 0.11953125 0.05
0 0.90703125 0.340625 0.1265625 0.0515625
0 0.89765625 0.25390625 0.1 0.040625
0 0.95078125 0.2953125 0.09765625 0.0328125
0 0.7140625 0.23046875 0.08046875 0.053125
0 0.7765625 0.19921875 0.0875 0.02890625
0 0.8171875 0.22890625 0.08984375 0.02734375
0 0.53515625 0.24140625 0.11484375 0.03515625
0 0.4625 0.1921875 0.10703125 0.0296875
0 0.55 0.190625 0.06875 0.02421875
0 0.4390625 0.15703125 0.0890625 0.03359375
0 0.49921875 0.12734375 0.065625 0.03125
0 0.53046875 0.1625 0.07890625 0.03125
0 0.3953125 0.12109375 0.0921875 0.0265625
0 0.27109375 0.1515625 0.08125 0.02109375
0 0.19296875 0.159375 0.08046875 0.0265625
0 0.36484375 0.09453125 0.071875 0.021875
0 0.4453125 0.1 0.08203125 0.021875
0 0.6734375 0.190625 0.090625 0.025
0 0.74765625 0.171875 0.07890625 0.025
0 0.62421875 0.153125 0.07890625 0.02578125
0 0.275 0.1234375 0.06328125 0.02890625
0 0.2046875 0.12109375 0.0703125 0.02421875
0 0.190625 0.0796875 0.0625 0.01953125
0 0.25625 0.071875 0.05546875 0.01640625
0 0.040625 0.1046875 0.08046875 0.03515625
0 0.05625 0.14375 0.10078125 0.03671875
0 0.0515625 0.06484375 0.07578125 0.0328125
0 0.89609375 0.20390625 0.07421875 0.04765625
0 0.97109375 0.23515625 0.05703125 0.0640625
0 0.6046875 0.10234375 0.0484375 0.0234375
0 0.665625 0.128125 0.075 0.02421875
0 0.58984375 0.12734375 0.0796875 0.02734375
0 0.5765625 0.08125 0.04765625 0.0171875
0 0.5234375 0.08984375 0.0625 0.02890625