0 0.9359375 0.71328125 0.128125 0.1640625
0 0.8671875 0.91875 0.2625 0.1625
0 0.61640625 0.9515625 0.1984375 0.096875
0 0.42734375 0.896875 0.18125 0.103125
0 0.23984375 0.91953125 0.18203125 0.0921875
0 0.35078125 0.76640625 0.165625 0.13359375
0 0.50234375 0.75625 0.14140625 0.1171875
0 0.63046875 0.6765625 0.153125 0.08125
0 0.64921875 0.76875 0.1328125 0.10703125
0 0.79375 0.75078125 0.146875 0.08203125
0 0.9140625 0.5234375 0.1328125 0.08046875
0 0.403125 0.57421875 0.0890625 0.06171875
0 0.5359375 0.5140625 0.1203125 0.05625
0 0.5484375 0.58671875 0.13984375 0.08203125
0 0.6796875 0.521875 0.1234375 0.0625
0 0.6984375 0.59765625 0.15234375 0.078125
0 0.8203125 0.5796875 0.09765625 0.06796875
0 0.78828125 0.52421875 0.07890625 0.0390625
0 0.04453125 0.79296875 0.0890625 0.1296875
0 0.26875 0.6046875 0.11953125 0.08984375
0 0.05546875 0.94609375 0.11015625 0.10703125
0 0.1703125 0.60703125 0.07265625 0.078125
0 0.5015625 0.46015625 0.109375 0.05859375
0 0.4703125 0.37734375 0.10859375 0.07578125
0 0.3765625 0.39375 0.07265625 0.0515625
0 0.29140625 0.40625 0.0765625 0.05390625
0 0.21328125 0.41484375 0.06796875 0.065625
0 0.11953125 0.42421875 0.09140625 0.06328125
0 0.0328125 0.34765625 0.065625 0.05234375
0 0.0859375 0.346875 0.065625 0.046875
0 0.4 0.32890625 0.0875 0.05625
0 0.3265625 0.34921875 0.059375 0.0375
0 0.2609375 0.35390625 0.06875 0.04921875
0 0.4046875 0.27890625 0.04453125 0.04609375
0 0.34375 0.28828125 0.059375 0.04453125
0 0.46953125 0.27890625 0.05390625 0.0421875
0 0.51875 0.26953125 0.04375 0.04296875
0 0.3859375 0.4890625 0.09765625 0.05234375
0 0.56015625 0.38359375 0.078125 0.0671875
0 0.85078125 0.41015625 0.1125 0.05546875
0 0.95703125 0.43828125 0.0859375 0.0703125
0 0.6890625 0.4546875 0.0734375 0.0640625
0 0.76171875 0.43671875 0.053125 0.08203125
0 0.746875 0.36484375 0.071875 0.05
0 0.64765625 0.37421875 0.09375 0.0625
0 0.825 0.35625 0.08125 0.0484375
0 0.92109375 0.3671875 0.0703125 0.034375
0 0.96015625 0.2828125 0.053125 0.0703125
0 0.8953125 0.278125 0.0671875 0.05546875
0 0.8390625 0.2203125 0.065625 0.04453125
0 0.77578125 0.23203125 0.0609375 0.05703125
0 0.8234375 0.2734375 0.07109375 0.05390625
0 0.7453125 0.3015625 0.0734375 0.04921875
0 0.928125 0.21015625 0.06875 0.04453125
0 0.6515625 0.30078125 0.053125 0.0484375
0 0.56796875 0.31484375 0.0859375 0.04921875
0 0.259375 0.50078125 0.10390625 0.04921875
0 0.315625 0.54296875 0.075 0.04453125
0 0.08828125 0.59140625 0.10625 0.07578125
0 0.17734375 0.465625 0.0625 0.04453125
0 0.159375 0.5140625 0.07734375 0.0453125
0 0.2484375 0.45703125 0.07734375 0.04140625
0 0.37265625 0.4390625 0.08828125 0.04296875
0 0.61328125 0.4734375 0.05703125 0.0546875
0 0.07265625 0.47421875 0.06640625 0.0359375
0 0.06328125 0.5234375 0.10390625 0.06171875
0 0.1625 0.35546875 0.07265625 0.05390625
0 0.1203125 0.3078125 0.06171875 0.03515625
0 0.2734375 0.29609375 0.06171875 0.0375
0 0.16875 0.30078125 0.0484375 0.0421875
0 0.715625 0.24140625 0.05859375 0.05390625
0 0.57109375 0.265625 0.0546875 0.04296875
0 0.63046875 0.253125 0.05625 0.040625
0 0.93671875 0.1703125 0.07109375 0.034375
0 0.88046875 0.178125 0.04296875 0.0421875
0 0.83984375 0.18046875 0.0359375 0.0296875
0 0.80390625 0.18515625 0.0328125 0.02890625
0 0.765625 0.19375 0.04765625 0.03046875
0 0.7015625 0.19921875 0.0578125 0.0421875
0 0.30703125 0.2546875 0.05390625 0.02734375
0 0.3578125 0.25 0.04765625 0.02734375
0 0.5296875 0.23359375 0.07265625 0.028125
0 0.46484375 0.20234375 0.04765625 0.034375
0 0.41171875 0.21875 0.0421875 0.034375
0 0.34921875 0.225 0.0515625 0.03203125
0 0.29375 0.2296875 0.0546875 0.03203125
0 0.190625 0.26484375 0.05234375 0.03828125
0 0.52265625 0.19609375 0.06015625 0.04296875
0 0.57734375 0.190625 0.05625 0.034375
0 0.63828125 0.190625 0.0515625 0.04140625
0 0.82890625 0.14765625 0.04296875 0.0375
0 0.8515625 0.11640625 0.04296875 0.03359375
0 0.8046875 0.115625 0.03828125 0.0359375
0 0.7734375 0.15390625 0.0546875 0.0359375
0 0.67578125 0.16171875 0.04453125 0.028125
0 0.71953125 0.1640625 0.0421875 0.028125
0 0.875 0.14453125 0.05078125 0.02734375
0 0.92578125 0.134375 0.05546875 0.0328125