0 0.83203125 0.80859375 0.16875 0.21875
0 0.5671875 0.7953125 0.09375 0.1796875
0 0.440625 0.80625 0.14453125 0.21015625
0 0.265625 0.821875 0.13359375 0.1890625
0 0.12578125 0.84765625 0.11640625 0.2453125
0 0.79453125 0.640625 0.1296875 0.12109375
0 0.9296875 0.65546875 0.1234375 0.115625
0 0.59921875 0.64296875 0.09453125 0.11328125
0 0.49140625 0.64453125 0.0953125 0.11640625
0 0.3265625 0.671875 0.1015625 0.115625
0 0.21328125 0.67578125 0.10546875 0.11640625
0 0.265625 0.5640625 0.0828125 0.08359375
0 0.36171875 0.58515625 0.08359375 0.09375
0 0.38984375 0.5015625 0.0875 0.07421875
0 0.31640625 0.49140625 0.06015625 0.06171875
0 0.41171875 0.45 0.07578125 0.0546875
0 0.365625 0.4046875 0.05859375 0.046875
0 0.52421875 0.48203125 0.09609375 0.06875
0 0.6328125 0.4796875 0.0875 0.08671875
0 0.5921875 0.55546875 0.08125 0.0515625
0 0.503125 0.559375 0.0703125 0.05546875
0 0.8859375 0.30859375 0.06328125 0.0484375
0 0.93046875 0.39609375 0.0984375 0.08046875
0 0.9125 0.34453125 0.0578125 0.02734375
0 0.7796875 0.5359375 0.09140625 0.1
0 0.75625 0.4578125 0.0703125 0.059375
0 0.759375 0.40546875 0.053125 0.05078125
0 0.725 0.3734375 0.065625 0.07421875
0 0.525 0.41484375 0.0578125 0.05234375
0 0.59921875 0.4078125 0.07734375 0.0484375
0 0.82421875 0.45625 0.0625 0.0609375
0 0.8640625 0.5421875 0.08046875 0.07890625
0 0.965625 0.53125 0.06875 0.1125
0 0.834375 0.4 0.06796875 0.06328125
0 0.81171875 0.3453125 0.05546875 0.04296875
0 0.8015625 0.29765625 0.053125 0.040625
0 0.71953125 0.31484375 0.0546875 0.034375
0 0.97578125 0.3015625 0.0484375 0.04921875
0 0.39609375 0.35546875 0.0515625 0.046875
0 0.44296875 0.40703125 0.0640625 0.04375
0 0.45546875 0.36328125 0.05859375 0.040625
0 0.61953125 0.3234375 0.0546875 0.040625
0 0.60234375 0.3640625 0.07265625 0.03984375
0 0.54609375 0.3546875 0.040625 0.0515625
0 0.625 0.28203125 0.0546875 0.04453125
0 0.5734375 0.2703125 0.04296875 0.03984375
0 0.5609375 0.30546875 0.065625 0.04375
0 0.47578125 0.20234375 0.034375 0.03984375
0 0.4140625 0.31953125 0.04609375 0.03125
0 0.5078125 0.24375 0.04609375 0.04375
0 0.4671875 0.234375 0.0375 0.034375
0 0.49140625 0.2765625 0.05 0.0328125
0 0.4515625 0.26640625 0.0328125 0.02578125
0 0.4921875 0.31171875 0.04296875 0.04296875
0 0.45625 0.31875 0.0328125 0.0421875
0 0.43203125 0.28671875 0.04140625 0.0234375
0 0.52265625 0.1953125 0.03125 0.0328125
0 0.49609375 0.1765625 0.02578125 0.02578125
0 0.34453125 0.4453125 0.04375 0.03046875
0 0.1140625 0.63984375 0.0859375 0.09296875
0 0.03125 0.61796875 0.06171875 0.10078125
0 0.14140625 0.55390625 0.07734375 0.0734375
0 0.0765625 0.53515625 0.05546875 0.065625
0 0.11875 0.46796875 0.0765625 0.0734375
0 0.18671875 0.49375 0.071875 0.05859375
0 0.17265625 0.36640625 0.05859375 0.046875
0 0.18203125 0.41953125 0.0578125 0.04765625
0 0.225 0.45390625 0.0484375 0.040625
0 0.23671875 0.378125 0.06640625 0.0453125
0 0.2921875 0.39609375 0.059375 0.03828125
0 0.25703125 0.43046875 0.065625 0.03984375
0 0.26015625 0.33203125 0.05859375 0.04296875
0 0.3234375 0.35078125 0.06328125 0.04921875
0 0.03046875 0.49453125 0.05546875 0.06484375
0 0.378125 0.2625 0.05390625 0.025
0 0.36328125 0.29921875 0.04296875 0.0515625
0 0.41171875 0.228125 0.0359375 0.03046875
0 0.3015625 0.3 0.04765625 0.03125
0 0.37578125 0.22265625 0.03125 0.021875
0 0.3328125 0.23046875 0.02890625 0.02578125
0 0.34609375 0.246875 0.0296875 0.021875
0 0.328125 0.2703125 0.0390625 0.02265625
0 0.1984375 0.32734375 0.0328125 0.03203125
0 0.5421875 0.17265625 0.03359375 0.02421875
0 0.50703125 0.15625 0.02109375 0.01796875
0 0.7734375 0.246875 0.0375 0.03203125
0 0.7203125 0.24921875 0.059375 0.03046875
0 0.728125 0.28046875 0.0453125 0.0375
0 0.83828125 0.2515625 0.05390625 0.0390625
0 0.70234375 0.21875 0.05703125 0.0421875
0 0.7578125 0.21796875 0.0484375 0.03046875
0 0.74765625 0.184375 0.03125 0.03046875
0 0.703125 0.18203125 0.04453125 0.02890625
0 0.83125 0.2 0.0359375 0.02890625
0 0.89609375 0.2578125 0.034375 0.0390625
0 0.875 0.19609375 0.04375 0.021875
0 0.88828125 0.22421875 0.0390625 0.03203125
0 0.86796875 0.17265625 0.0375 0.021875
0 0.82109375 0.1734375 0.03671875 0.0296875
0 0.80703125 0.14375 0.04140625 0.02734375
0 0.840625 0.15 0.02734375 0.0234375
0 0.69296875 0.13125 0.0421875 0.025
0 0.690625 0.1578125 0.0453125 0.02265625
0 0.7390625 0.15859375 0.03515625 0.021875
0 0.73515625 0.1359375 0.034375 0.01953125
0 0.78984375 0.1203125 0.0359375 0.0234375
0 0.83515625 0.125 0.0265625 0.01875
0 0.590625 0.240625 0.03125 0.0171875
0 0.621875 0.24375 0.03671875 0.02734375
0 0.621875 0.215625 0.02890625 0.01796875
0 0.58671875 0.18515625 0.028125 0.02265625
0 0.62421875 0.19296875 0.03828125 0.025
0 0.59296875 0.20703125 0.02578125 0.0234375
0 0.6234375 0.16953125 0.02734375 0.01796875
0 0.62734375 0.15078125 0.03515625 0.01875
0 0.59296875 0.16015625 0.02734375 0.01953125
0 0.596875 0.13984375 0.02890625 0.02109375
0 0.5984375 0.11875 0.02578125 0.02109375
0 0.62890625 0.1296875 0.03359375 0.02109375
0 0.52890625 0.11875 0.0234375 0.015625
0 0.52109375 0.1359375 0.02265625 0.0171875
0 0.5453125 0.14921875 0.03203125 0.02109375
0 0.55234375 0.128125 0.0234375 0.021875
0 0.41953125 0.16953125 0.025 0.02421875
0 0.41796875 0.1859375 0.02734375 0.015625
0 0.39453125 0.19453125 0.0234375 0.02109375
0 0.41953125 0.203125 0.0234375 0.015625
0 0.44453125 0.19375 0.02578125 0.025
0 0.43359375 0.14921875 0.0234375 0.02265625
0 0.45625 0.15390625 0.03125 0.01484375
0 0.45 0.1703125 0.0328125 0.01484375
0 0.4734375 0.13671875 0.0234375 0.015625
0 0.225 0.28203125 0.03828125 0.02890625
0 0.115625 0.3921875 0.05859375 0.03515625
0 0.071875 0.40546875 0.03203125 0.03203125
0 0.02734375 0.859375 0.0546875 0.2328125
0 0.96484375 0.83828125 0.0640625 0.22265625