0 0.16796875 0.80859375 0.16875 0.21875
0 0.4328125 0.7953125 0.09375 0.1796875
0 0.559375 0.80625 0.14453125 0.21015625
0 0.734375 0.821875 0.13359375 0.1890625
0 0.87421875 0.84765625 0.11640625 0.2453125
0 0.20546875 0.640625 0.1296875 0.12109375
0 0.0703125 0.65546875 0.1234375 0.115625
0 0.40078125 0.64296875 0.09453125 0.11328125
0 0.50859375 0.64453125 0.0953125 0.11640625
0 0.6734375 0.671875 0.1015625 0.115625
0 0.78671875 0.67578125 0.10546875 0.11640625
0 0.734375 0.5640625 0.0828125 0.08359375
0 0.63828125 0.58515625 0.08359375 0.09375
0 0.61015625 0.5015625 0.0875 0.07421875
0 0.68359375 0.49140625 0.06015625 0.06171875
0 0.58828125 0.45 0.07578125 0.0546875
0 0.634375 0.4046875 0.05859375 0.046875
0 0.47578125 0.48203125 0.09609375 0.06875
0 0.3671875 0.4796875 0.0875 0.08671875
0 0.4078125 0.55546875 0.08125 0.0515625
0 0.496875 0.559375 0.0703125 0.05546875
0 0.1140625 0.30859375 0.06328125 0.0484375
0 0.06953125 0.39609375 0.0984375 0.08046875
0 0.0875 0.34453125 0.0578125 0.02734375
0 0.2203125 0.5359375 0.09140625 0.1
0 0.24375 0.4578125 0.0703125 0.059375
0 0.240625 0.40546875 0.053125 0.05078125
0 0.275 0.3734375 0.065625 0.07421875
0 0.475 0.41484375 0.0578125 0.05234375
0 0.40078125 0.4078125 0.07734375 0.0484375
0 0.17578125 0.45625 0.0625 0.0609375
0 0.1359375 0.5421875 0.08046875 0.07890625
0 0.034375 0.53125 0.06875 0.1125
0 0.165625 0.4 0.06796875 0.06328125
0 0.18828125 0.3453125 0.05546875 0.04296875
0 0.1984375 0.29765625 0.053125 0.040625
0 0.28046875 0.31484375 0.0546875 0.034375
0 0.02421875 0.3015625 0.0484375 0.04921875
0 0.60390625 0.35546875 0.0515625 0.046875
0 0.55703125 0.40703125 0.0640625 0.04375
0 0.54453125 0.36328125 0.05859375 0.040625
0 0.38046875 0.3234375 0.0546875 0.040625
0 0.39765625 0.3640625 0.07265625 0.03984375
0 0.45390625 0.3546875 0.040625 0.0515625
0 0.375 0.28203125 0.0546875 0.04453125
0 0.4265625 0.2703125 0.04296875 0.03984375
0 0.4390625 0.30546875 0.065625 0.04375
0 0.52421875 0.20234375 0.034375 0.03984375
0 0.5859375 0.31953125 0.04609375 0.03125
0 0.4921875 0.24375 0.04609375 0.04375
0 0.5328125 0.234375 0.0375 0.034375
0 0.50859375 0.2765625 0.05 0.0328125
0 0.5484375 0.26640625 0.0328125 0.02578125
0 0.5078125 0.31171875 0.04296875 0.04296875
0 0.54375 0.31875 0.0328125 0.0421875
0 0.56796875 0.28671875 0.04140625 0.0234375
0 0.47734375 0.1953125 0.03125 0.0328125
0 0.50390625 0.1765625 0.02578125 0.02578125
0 0.65546875 0.4453125 0.04375 0.03046875
0 0.8859375 0.63984375 0.0859375 0.09296875
0 0.96875 0.61796875 0.06171875 0.10078125
0 0.85859375 0.55390625 0.07734375 0.0734375
0 0.9234375 0.53515625 0.05546875 0.065625
0 0.88125 0.46796875 0.0765625 0.0734375
0 0.81328125 0.49375 0.071875 0.05859375
0 0.82734375 0.36640625 0.05859375 0.046875
0 0.81796875 0.41953125 0.0578125 0.04765625
0 0.775 0.45390625 0.0484375 0.040625
0 0.76328125 0.378125 0.06640625 0.0453125
0 0.7078125 0.39609375 0.059375 0.03828125
0 0.74296875 0.43046875 0.065625 0.03984375
0 0.73984375 0.33203125 0.05859375 0.04296875
0 0.6765625 0.35078125 0.06328125 0.04921875
0 0.96953125 0.49453125 0.05546875 0.06484375
0 0.621875 0.2625 0.05390625 0.025
0 0.63671875 0.29921875 0.04296875 0.0515625
0 0.58828125 0.228125 0.0359375 0.03046875
0 0.6984375 0.3 0.04765625 0.03125
0 0.62421875 0.22265625 0.03125 0.021875
0 0.6671875 0.23046875 0.02890625 0.02578125
0 0.65390625 0.246875 0.0296875 0.021875
0 0.671875 0.2703125 0.0390625 0.02265625
0 0.8015625 0.32734375 0.0328125 0.03203125
0 0.4578125 0.17265625 0.03359375 0.02421875
0 0.49296875 0.15625 0.02109375 0.01796875
0 0.2265625 0.246875 0.0375 0.03203125
0 0.2796875 0.24921875 0.059375 0.03046875
0 0.271875 0.28046875 0.0453125 0.0375
0 0.16171875 0.2515625 0.05390625 0.0390625
0 0.29765625 0.21875 0.05703125 0.0421875
0 0.2421875 0.21796875 0.0484375 0.03046875
0 0.25234375 0.184375 0.03125 0.03046875
0 0.296875 0.18203125 0.04453125 0.02890625
0 0.16875 0.2 0.0359375 0.02890625
0 0.10390625 0.2578125 0.034375 0.0390625
0 0.125 0.19609375 0.04375 0.021875
0 0.11171875 0.22421875 0.0390625 0.03203125
0 0.13203125 0.17265625 0.0375 0.021875
0 0.17890625 0.1734375 0.03671875 0.0296875
0 0.19296875 0.14375 0.04140625 0.02734375
0 0.159375 0.15 0.02734375 0.0234375
0 0.30703125 0.13125 0.0421875 0.025
0 0.309375 0.1578125 0.0453125 0.02265625
0 0.2609375 0.15859375 0.03515625 0.021875
0 0.26484375 0.1359375 0.034375 0.01953125
0 0.21015625 0.1203125 0.0359375 0.0234375
0 0.16484375 0.125 0.0265625 0.01875
0 0.409375 0.240625 0.03125 0.0171875
0 0.378125 0.24375 0.03671875 0.02734375
0 0.378125 0.215625 0.02890625 0.01796875
0 0.41328125 0.18515625 0.028125 0.02265625
0 0.37578125 0.19296875 0.03828125 0.025
0 0.40703125 0.20703125 0.02578125 0.0234375
0 0.3765625 0.16953125 0.02734375 0.01796875
0 0.37265625 0.15078125 0.03515625 0.01875
0 0.40703125 0.16015625 0.02734375 0.01953125
0 0.403125 0.13984375 0.02890625 0.02109375
0 0.4015625 0.11875 0.02578125 0.02109375
0 0.37109375 0.1296875 0.03359375 0.02109375
0 0.47109375 0.11875 0.0234375 0.015625
0 0.47890625 0.1359375 0.02265625 0.0171875
0 0.4546875 0.14921875 0.03203125 0.02109375
0 0.44765625 0.128125 0.0234375 0.021875
0 0.58046875 0.16953125 0.025 0.02421875
0 0.58203125 0.1859375 0.02734375 0.015625
0 0.60546875 0.19453125 0.0234375 0.02109375
0 0.58046875 0.203125 0.0234375 0.015625
0 0.55546875 0.19375 0.02578125 0.025
0 0.56640625 0.14921875 0.0234375 0.02265625
0 0.54375 0.15390625 0.03125 0.01484375
0 0.55 0.1703125 0.0328125 0.01484375
0 0.5265625 0.13671875 0.0234375 0.015625
0 0.775 0.28203125 0.03828125 0.02890625
0 0.884375 0.3921875 0.05859375 0.03515625
0 0.928125 0.40546875 0.03203125 0.03203125
0 0.97265625 0.859375 0.0546875 0.2328125
0 0.03515625 0.83828125 0.0640625 0.22265625