0 0.3109375 0.83671875 0.19140625 0.1421875
0 0.1015625 0.83359375 0.1828125 0.1234375
0 0.05859375 0.96328125 0.1171875 0.0734375
0 0.2890625 0.95625 0.17109375 0.0875
0 0.6 0.8234375 0.17734375 0.0859375
0 0.5984375 0.94375 0.2203125 0.1125
0 0.834375 0.82734375 0.16328125 0.0640625
0 0.853125 0.94453125 0.2359375 0.1109375
0 0.96875 0.81875 0.0625 0.08515625
0 0.15078125 0.69453125 0.140625 0.084375
0 0.32890625 0.6734375 0.1375 0.071875
0 0.50234375 0.68359375 0.12734375 0.05859375
0 0.6890625 0.68046875 0.09609375 0.0609375
0 0.6265625 0.61796875 0.084375 0.0515625
0 0.50078125 0.61640625 0.07890625 0.05234375
0 0.34453125 0.6140625 0.1234375 0.04296875
0 0.18046875 0.6125 0.1546875 0.053125
0 0.03671875 0.61640625 0.07265625 0.065625
0 0.840625 0.66484375 0.13984375 0.06015625
0 0.8390625 0.59609375 0.13203125 0.05859375
0 0.95390625 0.5953125 0.0921875 0.06953125
0 0.76328125 0.5359375 0.084375 0.0625
0 0.66953125 0.53203125 0.07890625 0.03984375
0 0.6578125 0.49765625 0.059375 0.03203125
0 0.53984375 0.503125 0.08671875 0.028125
0 0.5359375 0.5453125 0.1046875 0.03984375
0 0.4 0.5328125 0.07265625 0.0578125
0 0.29296875 0.5390625 0.08203125 0.05078125
0 0.33359375 0.49921875 0.0609375 0.03203125
0 0.19921875 0.49453125 0.10625 0.03203125
0 0.1828125 0.53515625 0.084375 0.04453125
0 0.09140625 0.50390625 0.06640625 0.03671875
0 0.04140625 0.540625 0.059375 0.0453125
0 0.2328125 0.46484375 0.07578125 0.02734375
0 0.896875 0.5328125 0.06640625 0.03515625
0 0.890625 0.4953125 0.09921875 0.02578125
0 0.9765625 0.50546875 0.046875 0.046875
0 0.82109375 0.45078125 0.08984375 0.0375
0 0.728125 0.45859375 0.0578125 0.0203125
0 0.728125 0.43671875 0.06484375 0.021875
0 0.928125 0.4609375 0.09296875 0.03203125
0 0.9 0.43203125 0.06328125 0.02109375
0 0.84609375 0.4109375 0.05234375 0.02265625
0 0.440625 0.46875 0.08359375 0.03515625
0 0.3484375 0.46953125 0.0671875 0.03359375
0 0.34453125 0.4421875 0.0640625 0.01875
0 0.2375 0.4359375 0.07421875 0.02109375
0 0.13984375 0.4390625 0.07578125 0.0203125
0 0.13046875 0.46640625 0.0734375 0.03125
0 0.07734375 0.43515625 0.04296875 0.0421875
0 0.02734375 0.43984375 0.0546875 0.0515625
0 0.52578125 0.46875 0.06953125 0.0265625
0 0.52265625 0.4171875 0.0578125 0.028125
0 0.4375 0.415625 0.06484375 0.02109375
0 0.378125 0.4125 0.0453125 0.01875
0 0.28359375 0.4109375 0.06484375 0.0265625
0 0.2140625 0.409375 0.04609375 0.025
0 0.140625 0.39609375 0.05 0.0203125
0 0.08125 0.3859375 0.04375 0.0234375
0 0.03671875 0.396875 0.04453125 0.03671875
0 0.93671875 0.40703125 0.06640625 0.02734375
0 0.6125 0.440625 0.0671875 0.02109375
0 0.6234375 0.46328125 0.0421875 0.03046875
0 0.59921875 0.4109375 0.0671875 0.034375
0 0.675 0.41171875 0.06328125 0.03203125
0 0.7609375 0.4109375 0.0609375 0.02890625
0 0.67109375 0.3796875 0.05703125 0.02265625
0 0.60703125 0.384375 0.04453125 0.01953125
0 0.5328125 0.38359375 0.0515625 0.021875
0 0.46640625 0.37421875 0.04453125 0.02265625
0 0.41171875 0.3703125 0.0484375 0.0125
0 0.396875 0.3859375 0.03046875 0.01953125
0 0.33828125 0.3734375 0.0375 0.02421875
0 0.2734375 0.371875 0.0546875 0.02890625
0 0.19375 0.3734375 0.0390625 0.02265625
0 0.134375 0.3671875 0.04921875 0.01953125
0 0.8015625 0.38046875 0.0515625 0.01875
0 0.9125 0.375 0.046875 0.015625
0 0.96875 0.37578125 0.040625 0.021875
0 0.7125 0.36875 0.03359375 0.0140625
0 0.7390625 0.38125 0.04453125 0.01875
0 0.5015625 0.33671875 0.04453125 0.01953125
0 0.5140625 0.359375 0.04140625 0.01640625
0 0.453125 0.35390625 0.0375 0.01796875
0 0.40703125 0.35234375 0.04375 0.0203125
0 0.35078125 0.3515625 0.06015625 0.02578125
0 0.28828125 0.3453125 0.04765625 0.0234375
0 0.2125 0.35859375 0.0375 0.0125
0 0.17265625 0.33984375 0.05 0.021875
0 0.23125 0.34609375 0.0421875 0.015625
0 0.3046875 0.32578125 0.0484375 0.015625
0 0.40859375 0.33203125 0.04140625 0.01328125
0 0.35625 0.328125 0.0484375 0.01953125
0 0.57578125 0.3578125 0.03984375 0.021875
0 0.625 0.3515625 0.034375 0.0140625
0 0.68359375 0.3546875 0.04296875 0.0171875
0 0.75703125 0.3578125 0.053125 0.01796875
0 0.75625 0.3375 0.0421875 0.01640625
0 0.70859375 0.33828125 0.03046875 0.01484375
0 0.66484375 0.33515625 0.0375 0.01796875
0 0.6078125 0.3359375 0.05390625 0.0171875
0 0.60078125 0.32265625 0.04140625 0.01171875
0 0.55 0.31640625 0.03203125 0.01328125
0 0.55390625 0.3359375 0.04375 0.01640625
0 0.45234375 0.334375 0.04140625 0.01484375
0 0.8015625 0.3359375 0.03515625 0.01953125
0 0.85 0.37734375 0.0359375 0.01640625
0 0.80546875 0.35703125 0.02734375 0.01640625
0 0.83984375 0.35078125 0.02890625 0.0109375
0 0.865625 0.36015625 0.02421875 0.009375
0 0.91796875 0.35859375 0.03203125 0.01875
0 0.84765625 0.33203125 0.021875 0.0109375
0 0.86484375 0.3390625 0.0203125 0.01484375
0 0.73125 0.31640625 0.04296875 0.01328125
0 0.68828125 0.31875 0.02421875 0.015625
0 0.653125 0.31953125 0.02734375 0.01015625
0 0.8203125 0.31796875 0.03828125 0.009375
0 0.50625 0.31796875 0.0296875 0.02109375
0 0.46953125 0.31015625 0.04296875 0.01015625
0 0.41953125 0.30859375 0.028125 0.01015625
0 0.40390625 0.3171875 0.021875 0.0125
0 0.459375 0.32109375 0.034375 0.0125
0 0.35859375 0.3109375 0.02265625 0.0125
0 0.3734375 0.296875 0.04375 0.0125
0 0.415625 0.29765625 0.03515625 0.01171875
0 0.4546875 0.29765625 0.0453125 0.01171875
0 0.4953125 0.3015625 0.03515625 0.009375
0 0.53671875 0.303125 0.034375 0.009375
0 0.578125 0.29921875 0.03125 0.01171875
0 0.590625 0.309375 0.03671875 0.009375
0 0.5703125 0.28671875 0.03515625 0.01015625
0 0.33828125 0.28359375 0.03828125 0.0078125
0 0.3265625 0.29296875 0.0375 0.0140625
0 0.43671875 0.27890625 0.02890625 0.0109375
0 0.403125 0.2828125 0.02265625 0.0140625
0 0.5390625 0.28515625 0.025 0.00859375
0 0.66640625 0.30234375 0.02421875 0.0140625
0 0.609375 0.29296875 0.0203125 0.0078125
0 0.7046875 0.303125 0.03359375 0.0140625
0 0.74140625 0.30390625 0.02890625 0.0140625
0 0.796875 0.2953125 0.02265625 0.00859375
0 0.44140625 0.3984375 0.05 0.01640625