0 0.6890625 0.83671875 0.19140625 0.1421875
0 0.8984375 0.83359375 0.1828125 0.1234375
0 0.94140625 0.96328125 0.1171875 0.0734375
0 0.7109375 0.95625 0.17109375 0.0875
0 0.4 0.8234375 0.17734375 0.0859375
0 0.4015625 0.94375 0.2203125 0.1125
0 0.165625 0.82734375 0.16328125 0.0640625
0 0.146875 0.94453125 0.2359375 0.1109375
0 0.03125 0.81875 0.0625 0.08515625
0 0.84921875 0.69453125 0.140625 0.084375
0 0.67109375 0.6734375 0.1375 0.071875
0 0.49765625 0.68359375 0.12734375 0.05859375
0 0.3109375 0.68046875 0.09609375 0.0609375
0 0.3734375 0.61796875 0.084375 0.0515625
0 0.49921875 0.61640625 0.07890625 0.05234375
0 0.65546875 0.6140625 0.1234375 0.04296875
0 0.81953125 0.6125 0.1546875 0.053125
0 0.96328125 0.61640625 0.07265625 0.065625
0 0.159375 0.66484375 0.13984375 0.06015625
0 0.1609375 0.59609375 0.13203125 0.05859375
0 0.04609375 0.5953125 0.0921875 0.06953125
0 0.23671875 0.5359375 0.084375 0.0625
0 0.33046875 0.53203125 0.07890625 0.03984375
0 0.3421875 0.49765625 0.059375 0.03203125
0 0.46015625 0.503125 0.08671875 0.028125
0 0.4640625 0.5453125 0.1046875 0.03984375
0 0.6 0.5328125 0.07265625 0.0578125
0 0.70703125 0.5390625 0.08203125 0.05078125
0 0.66640625 0.49921875 0.0609375 0.03203125
0 0.80078125 0.49453125 0.10625 0.03203125
0 0.8171875 0.53515625 0.084375 0.04453125
0 0.90859375 0.50390625 0.06640625 0.03671875
0 0.95859375 0.540625 0.059375 0.0453125
0 0.7671875 0.46484375 0.07578125 0.02734375
0 0.103125 0.5328125 0.06640625 0.03515625
0 0.109375 0.4953125 0.09921875 0.02578125
0 0.0234375 0.50546875 0.046875 0.046875
0 0.17890625 0.45078125 0.08984375 0.0375
0 0.271875 0.45859375 0.0578125 0.0203125
0 0.271875 0.43671875 0.06484375 0.021875
0 0.071875 0.4609375 0.09296875 0.03203125
0 0.1 0.43203125 0.06328125 0.02109375
0 0.15390625 0.4109375 0.05234375 0.02265625
0 0.559375 0.46875 0.08359375 0.03515625
0 0.6515625 0.46953125 0.0671875 0.03359375
0 0.65546875 0.4421875 0.0640625 0.01875
0 0.7625 0.4359375 0.07421875 0.02109375
0 0.86015625 0.4390625 0.07578125 0.0203125
0 0.86953125 0.46640625 0.0734375 0.03125
0 0.92265625 0.43515625 0.04296875 0.0421875
0 0.97265625 0.43984375 0.0546875 0.0515625
0 0.47421875 0.46875 0.06953125 0.0265625
0 0.47734375 0.4171875 0.0578125 0.028125
0 0.5625 0.415625 0.06484375 0.02109375
0 0.621875 0.4125 0.0453125 0.01875
0 0.71640625 0.4109375 0.06484375 0.0265625
0 0.7859375 0.409375 0.04609375 0.025
0 0.859375 0.39609375 0.05 0.0203125
0 0.91875 0.3859375 0.04375 0.0234375
0 0.96328125 0.396875 0.04453125 0.03671875
0 0.06328125 0.40703125 0.06640625 0.02734375
0 0.3875 0.440625 0.0671875 0.02109375
0 0.3765625 0.46328125 0.0421875 0.03046875
0 0.40078125 0.4109375 0.0671875 0.034375
0 0.325 0.41171875 0.06328125 0.03203125
0 0.2390625 0.4109375 0.0609375 0.02890625
0 0.32890625 0.3796875 0.05703125 0.02265625
0 0.39296875 0.384375 0.04453125 0.01953125
0 0.4671875 0.38359375 0.0515625 0.021875
0 0.53359375 0.37421875 0.04453125 0.02265625
0 0.58828125 0.3703125 0.0484375 0.0125
0 0.603125 0.3859375 0.03046875 0.01953125
0 0.66171875 0.3734375 0.0375 0.02421875
0 0.7265625 0.371875 0.0546875 0.02890625
0 0.80625 0.3734375 0.0390625 0.02265625
0 0.865625 0.3671875 0.04921875 0.01953125
0 0.1984375 0.38046875 0.0515625 0.01875
0 0.0875 0.375 0.046875 0.015625
0 0.03125 0.37578125 0.040625 0.021875
0 0.2875 0.36875 0.03359375 0.0140625
0 0.2609375 0.38125 0.04453125 0.01875
0 0.4984375 0.33671875 0.04453125 0.01953125
0 0.4859375 0.359375 0.04140625 0.01640625
0 0.546875 0.35390625 0.0375 0.01796875
0 0.59296875 0.35234375 0.04375 0.0203125
0 0.64921875 0.3515625 0.06015625 0.02578125
0 0.71171875 0.3453125 0.04765625 0.0234375
0 0.7875 0.35859375 0.0375 0.0125
0 0.82734375 0.33984375 0.05 0.021875
0 0.76875 0.34609375 0.0421875 0.015625
0 0.6953125 0.32578125 0.0484375 0.015625
0 0.59140625 0.33203125 0.04140625 0.01328125
0 0.64375 0.328125 0.0484375 0.01953125
0 0.42421875 0.3578125 0.03984375 0.021875
0 0.375 0.3515625 0.034375 0.0140625
0 0.31640625 0.3546875 0.04296875 0.0171875
0 0.24296875 0.3578125 0.053125 0.01796875
0 0.24375 0.3375 0.0421875 0.01640625
0 0.29140625 0.33828125 0.03046875 0.01484375
0 0.33515625 0.33515625 0.0375 0.01796875
0 0.3921875 0.3359375 0.05390625 0.0171875
0 0.39921875 0.32265625 0.04140625 0.01171875
0 0.45 0.31640625 0.03203125 0.01328125
0 0.44609375 0.3359375 0.04375 0.01640625
0 0.54765625 0.334375 0.04140625 0.01484375
0 0.1984375 0.3359375 0.03515625 0.01953125
0 0.15 0.37734375 0.0359375 0.01640625
0 0.19453125 0.35703125 0.02734375 0.01640625
0 0.16015625 0.35078125 0.02890625 0.0109375
0 0.134375 0.36015625 0.02421875 0.009375
0 0.08203125 0.35859375 0.03203125 0.01875
0 0.15234375 0.33203125 0.021875 0.0109375
0 0.13515625 0.3390625 0.0203125 0.01484375
0 0.26875 0.31640625 0.04296875 0.01328125
0 0.31171875 0.31875 0.02421875 0.015625
0 0.346875 0.31953125 0.02734375 0.01015625
0 0.1796875 0.31796875 0.03828125 0.009375
0 0.49375 0.31796875 0.0296875 0.02109375
0 0.53046875 0.31015625 0.04296875 0.01015625
0 0.58046875 0.30859375 0.028125 0.01015625
0 0.59609375 0.3171875 0.021875 0.0125
0 0.540625 0.32109375 0.034375 0.0125
0 0.64140625 0.3109375 0.02265625 0.0125
0 0.6265625 0.296875 0.04375 0.0125
0 0.584375 0.29765625 0.03515625 0.01171875
0 0.5453125 0.29765625 0.0453125 0.01171875
0 0.5046875 0.3015625 0.03515625 0.009375
0 0.46328125 0.303125 0.034375 0.009375
0 0.421875 0.29921875 0.03125 0.01171875
0 0.409375 0.309375 0.03671875 0.009375
0 0.4296875 0.28671875 0.03515625 0.01015625
0 0.66171875 0.28359375 0.03828125 0.0078125
0 0.6734375 0.29296875 0.0375 0.0140625
0 0.56328125 0.27890625 0.02890625 0.0109375
0 0.596875 0.2828125 0.02265625 0.0140625
0 0.4609375 0.28515625 0.025 0.00859375
0 0.33359375 0.30234375 0.02421875 0.0140625
0 0.390625 0.29296875 0.0203125 0.0078125
0 0.2953125 0.303125 0.03359375 0.0140625
0 0.25859375 0.30390625 0.02890625 0.0140625
0 0.203125 0.2953125 0.02265625 0.00859375
0 0.55859375 0.3984375 0.05 0.01640625