6 0.95234375 0.1609375 0.0484375 0.26640625
6 0.84453125 0.15859375 0.05859375 0.25078125
6 0.75625 0.1578125 0.05625 0.22890625
6 0.66484375 0.15625 0.05859375 0.22734375
6 0.55859375 0.1453125 0.05390625 0.2453125
6 0.43359375 0.15546875 0.0515625 0.209375
6 0.334375 0.14609375 0.07578125 0.23203125
6 0.23984375 0.16171875 0.06328125 0.27734375
6 0.14375 0.15234375 0.06953125 0.2390625
6 0.0421875 0.14140625 0.05234375 0.2375
6 0.95078125 0.5 0.0703125 0.25078125
6 0.86015625 0.50703125 0.065625 0.26875
6 0.7609375 0.509375 0.078125 0.2640625
6 0.65390625 0.49296875 0.11484375 0.271875
6 0.55234375 0.50390625 0.0625 0.2859375
6 0.43203125 0.4921875 0.06171875 0.265625
6 0.33671875 0.503125 0.08203125 0.23203125
6 0.24453125 0.50625 0.06484375 0.2625
6 0.14375 0.4953125 0.08203125 0.28046875
6 0.04453125 0.484375 0.0703125 0.27421875
6 0.68671875 0.84140625 0.06015625 0.309375
6 0.6015625 0.8296875 0.075 0.296875
6 0.51640625 0.8328125 0.075 0.29140625
6 0.4296875 0.825 0.075 0.2515625
6 0.328125 0.83984375 0.1078125 0.296875