6 0.04765625 0.1609375 0.0484375 0.26640625
6 0.15546875 0.15859375 0.05859375 0.25078125
6 0.24375 0.1578125 0.05625 0.22890625
6 0.33515625 0.15625 0.05859375 0.22734375
6 0.44140625 0.1453125 0.05390625 0.2453125
6 0.56640625 0.15546875 0.0515625 0.209375
6 0.665625 0.14609375 0.07578125 0.23203125
6 0.76015625 0.16171875 0.06328125 0.27734375
6 0.85625 0.15234375 0.06953125 0.2390625
6 0.9578125 0.14140625 0.05234375 0.2375
6 0.04921875 0.5 0.0703125 0.25078125
6 0.13984375 0.50703125 0.065625 0.26875
6 0.2390625 0.509375 0.078125 0.2640625
6 0.34609375 0.49296875 0.11484375 0.271875
6 0.44765625 0.50390625 0.0625 0.2859375
6 0.56796875 0.4921875 0.06171875 0.265625
6 0.66328125 0.503125 0.08203125 0.23203125
6 0.75546875 0.50625 0.06484375 0.2625
6 0.85625 0.4953125 0.08203125 0.28046875
6 0.95546875 0.484375 0.0703125 0.27421875
6 0.31328125 0.84140625 0.06015625 0.309375
6 0.3984375 0.8296875 0.075 0.296875
6 0.48359375 0.8328125 0.075 0.29140625
6 0.5703125 0.825 0.075 0.2515625
6 0.671875 0.83984375 0.1078125 0.296875