6 0.04921875 0.146875 0.07421875 0.2796875
6 0.1484375 0.15625 0.0546875 0.30703125
6 0.2515625 0.15390625 0.05625 0.284375
6 0.3390625 0.1609375 0.05 0.2984375
6 0.4453125 0.14765625 0.071875 0.26796875
6 0.55390625 0.14765625 0.08125 0.2546875
6 0.665625 0.159375 0.08671875 0.2515625
6 0.7609375 0.14765625 0.0609375 0.23671875
6 0.85546875 0.15625 0.065625 0.25078125
6 0.95390625 0.14921875 0.0453125 0.27578125
6 0.05078125 0.51484375 0.05390625 0.27421875
6 0.1421875 0.50625 0.0578125 0.24296875
6 0.2359375 0.49921875 0.06875 0.2734375
6 0.346875 0.503125 0.09296875 0.26328125
6 0.45390625 0.49609375 0.08125 0.2640625
6 0.55546875 0.50234375 0.06328125 0.22109375
6 0.659375 0.478125 0.06953125 0.23125
6 0.753125 0.4953125 0.06640625 0.24453125
6 0.85390625 0.48828125 0.0703125 0.2453125
6 0.94765625 0.47578125 0.06640625 0.23984375
6 0.30625 0.8140625 0.06484375 0.26953125
6 0.38828125 0.81328125 0.06640625 0.28203125
6 0.4640625 0.81796875 0.0515625 0.271875
6 0.57109375 0.825 0.0890625 0.2515625
6 0.65859375 0.82890625 0.0890625 0.25859375