6 0.13984375 0.2828125 0.0421875 0.16484375
6 0.184375 0.1875 0.03984375 0.23203125
6 0.20703125 0.27421875 0.05859375 0.196875
6 0.40546875 0.20859375 0.1078125 0.24296875
6 0.578125 0.19375 0.0796875 0.24375
6 0.76796875 0.24765625 0.0328125 0.18515625
6 0.80625 0.1640625 0.046875 0.2390625
6 0.84296875 0.2046875 0.03984375 0.16875
6 0.13515625 0.71875 0.05234375 0.18828125
6 0.165625 0.6140625 0.06484375 0.24140625
6 0.23125 0.65703125 0.0484375 0.1984375
6 0.7921875 0.67734375 0.0578125 0.15390625
6 0.8171875 0.584375 0.0546875 0.19453125
6 0.86015625 0.68203125 0.03125 0.1765625