6 0.07109375 0.22578125 0.1015625 0.4515625
6 0.209375 0.228125 0.09453125 0.45625
6 0.353125 0.225 0.10859375 0.43984375
6 0.490625 0.2125 0.0921875 0.41171875
6 0.63828125 0.22421875 0.11015625 0.43828125
6 0.79296875 0.20390625 0.09765625 0.4015625
6 0.934375 0.21328125 0.1203125 0.4140625
6 0.05859375 0.728125 0.10625 0.4375
6 0.2140625 0.72109375 0.10390625 0.3984375
6 0.35703125 0.71171875 0.1078125 0.38671875
6 0.50546875 0.72890625 0.12265625 0.41796875
6 0.63515625 0.70859375 0.09140625 0.384375
6 0.784375 0.7296875 0.09921875 0.434375
6 0.925 0.728125 0.1109375 0.4296875