7 0.103125 0.36640625 0.20078125 0.46328125
7 0.3359375 0.05546875 0.50234375 0.1109375
7 0.3875 0.34140625 0.44296875 0.37265625
7 0.5453125 0.23984375 0.52890625 0.3
7 0.70390625 0.15078125 0.521875 0.1921875
7 0.80234375 0.0890625 0.3953125 0.178125
7 0.2125 0.725 0.41171875 0.16484375
7 0.55078125 0.56796875 0.8484375 0.140625
7 0.7578125 0.6984375 0.48359375 0.1890625
7 0.36953125 0.95703125 0.415625 0.08515625
7 0.6546875 0.9046875 0.228125 0.18984375
9 0.21328125 0.821875 0.4265625 0.16875