2 0.76640625 0.3390625 0.13671875 0.153125
2 0.89765625 0.27265625 0.13984375 0.11796875
2 0.92421875 0.37578125 0.1375 0.14296875
2 0.65078125 0.309375 0.09765625 0.1140625
2 0.540625 0.28671875 0.125 0.11796875
2 0.41328125 0.309375 0.11953125 0.109375
2 0.3140625 0.33046875 0.096875 0.125
2 0.94609375 0.48046875 0.10546875 0.10859375
2 0.94375 0.59296875 0.11015625 0.103125
2 0.92890625 0.69296875 0.13984375 0.121875
2 0.909375 0.87578125 0.17890625 0.24609375
2 0.78359375 0.49921875 0.17109375 0.1734375
2 0.76484375 0.68671875 0.18359375 0.1875
2 0.6953125 0.82421875 0.16328125 0.14609375
2 0.70859375 0.94296875 0.1875 0.1109375
2 0.621875 0.42421875 0.13515625 0.09296875
2 0.61484375 0.53046875 0.15625 0.13046875
2 0.58671875 0.66796875 0.17578125 0.14453125
2 0.53671875 0.78828125 0.17734375 0.14296875
2 0.51875 0.92734375 0.146875 0.1453125
2 0.49921875 0.42265625 0.1 0.12109375
2 0.48046875 0.5453125 0.10859375 0.1015625
2 0.42890625 0.64453125 0.13359375 0.125
2 0.38046875 0.76796875 0.13515625 0.128125
2 0.35546875 0.91171875 0.15703125 0.16796875
2 0.40234375 0.43046875 0.1 0.121875
2 0.37734375 0.53515625 0.1 0.09609375
2 0.31796875 0.63515625 0.1 0.1265625
2 0.26171875 0.73046875 0.1125 0.11953125
2 0.23359375 0.86796875 0.12265625 0.1640625
2 0.30703125 0.45078125 0.08515625 0.1015625
2 0.27890625 0.52890625 0.08671875 0.078125
2 0.21953125 0.6078125 0.09140625 0.1015625
2 0.16484375 0.715625 0.09375 0.0984375
2 0.12421875 0.83671875 0.11171875 0.1625
2 0.0375 0.83125 0.075 0.15625
2 0.21796875 0.44296875 0.08359375 0.10546875
2 0.14296875 0.5828125 0.09375 0.109375
2 0.06953125 0.69765625 0.09609375 0.1234375
2 0.22890625 0.32421875 0.05546875 0.065625
2 0.18828125 0.38046875 0.07265625 0.09453125
2 0.68046875 0.13515625 0.08828125 0.084375
2 0.8 0.09296875 0.1 0.1
2 0.91484375 0.059375 0.12109375 0.090625
2 0.59296875 0.13515625 0.06796875 0.10703125
2 0.51640625 0.159375 0.10234375 0.08203125
2 0.54609375 0.08515625 0.06015625 0.05703125
2 0.10703125 0.41640625 0.08203125 0.10859375
2 0.0640625 0.56015625 0.053125 0.10703125
2 0.71015625 0.06640625 0.06796875 0.05859375
2 0.82109375 0.025 0.07265625 0.046875
2 0.73125 0.021875 0.1 0.040625
2 0.62734375 0.053125 0.06875 0.0640625
2 0.48515625 0.08203125 0.06953125 0.0640625
2 0.1640625 0.33125 0.03671875 0.05703125
2 0.42734375 0.1859375 0.04453125 0.04140625
2 0.37109375 0.2 0.0625 0.05859375
2 0.13828125 0.496875 0.075 0.059375
2 0.1015625 0.33125 0.059375 0.0515625
2 0.040625 0.3484375 0.04140625 0.05546875
2 0.4625 0.021875 0.0375 0.04140625
2 0.51484375 0.02421875 0.053125 0.04609375
2 0.57109375 0.02734375 0.059375 0.0515625
2 0.30546875 0.2078125 0.05859375 0.065625
2 0.4203125 0.02265625 0.040625 0.040625
2 0.42578125 0.08125 0.03984375 0.07109375
2 0.39140625 0.134375 0.0625 0.0609375
2 0.37265625 0.0359375 0.05546875 0.0359375
2 0.32265625 0.0515625 0.0375 0.04140625
2 0.28046875 0.06640625 0.0375 0.0359375
2 0.01875 0.57109375 0.0375 0.0953125
2 0.02421875 0.490625 0.04765625 0.05546875
2 0.31796875 0.134375 0.075 0.0625
2 0.37265625 0.07890625 0.05390625 0.04453125
2 0.24609375 0.0421875 0.04140625 0.05703125
2 0.15234375 0.07421875 0.046875 0.0515625
2 0.2 0.05546875 0.04609375 0.05859375
2 0.2453125 0.209375 0.05703125 0.06796875
2 0.184375 0.2125 0.05625 0.0640625
2 0.13984375 0.22890625 0.03359375 0.0640625
2 0.0421875 0.25546875 0.040625 0.0609375
2 0.10625 0.23203125 0.02734375 0.0609375
2 0.44921875 0.1390625 0.046875 0.0390625
2 0.24140625 0.09375 0.04296875 0.034375
2 0.246875 0.13203125 0.05625 0.046875
2 0.1953125 0.09921875 0.046875 0.04296875
2 0.18671875 0.16328125 0.05078125 0.04296875
2 0.09609375 0.140625 0.0375 0.03203125
2 0.10234375 0.08125 0.03203125 0.02890625
2 0.14765625 0.03359375 0.03359375 0.03046875
2 0.10234375 0.046875 0.03203125 0.028125
2 0.075 0.24609375 0.03515625 0.04140625
2 0.0359375 0.20078125 0.028125 0.0515625
2 0.13515625 0.184375 0.05703125 0.046875
2 0.07109375 0.153125 0.02890625 0.034375
2 0.06796875 0.19375 0.03125 0.04296875