2 0.6734375 0.765625 0.04453125 0.0375
2 0.61328125 0.77109375 0.04140625 0.0390625
2 0.56640625 0.76796875 0.0375 0.028125
2 0.51328125 0.77578125 0.03984375 0.040625
2 0.46328125 0.778125 0.04296875 0.0375
2 0.39921875 0.790625 0.05078125 0.0359375
2 0.18671875 0.803125 0.06015625 0.0359375
2 0.259375 0.78828125 0.05 0.04296875
2 0.19453125 0.75703125 0.059375 0.03359375
2 0.2609375 0.753125 0.040625 0.03046875
2 0.10703125 0.81171875 0.04921875 0.040625
2 0.02890625 0.82890625 0.05625 0.04453125
2 0.0421875 0.77265625 0.04921875 0.04296875
2 0.0640625 0.7328125 0.046875 0.0375
2 0.0890625 0.696875 0.03671875 0.03203125
2 0.15234375 0.69765625 0.03671875 0.03203125
2 0.13515625 0.73046875 0.0375 0.03046875
2 0.11953125 0.76953125 0.05 0.03046875
2 0.01640625 0.73828125 0.03125 0.0375
2 0.03515625 0.68984375 0.05703125 0.0375
2 0.27890625 0.678125 0.04375 0.0390625
2 0.22578125 0.68671875 0.04296875 0.0375
2 0.2078125 0.72109375 0.03671875 0.028125
2 0.33828125 0.68125 0.040625 0.0375
2 0.3375 0.728125 0.03125 0.0265625
2 0.38828125 0.67421875 0.03125 0.034375
2 0.42578125 0.66640625 0.03359375 0.04453125
2 0.471875 0.66796875 0.0375 0.04140625
2 0.51640625 0.66953125 0.03203125 0.028125
2 0.55859375 0.66796875 0.03984375 0.0390625
2 0.59609375 0.67578125 0.02890625 0.03203125
2 0.62421875 0.70234375 0.02734375 0.0375
2 0.50078125 0.7328125 0.03125 0.034375
2 0.44453125 0.740625 0.03828125 0.03046875
2 0.39140625 0.74921875 0.04375 0.0375
2 0.33515625 0.784375 0.03125 0.05
2 0.3859375 0.71328125 0.046875 0.0375
2 0.4359375 0.70390625 0.046875 0.03046875
2 0.54453125 0.73203125 0.03671875 0.0359375
2 0.59453125 0.73203125 0.040625 0.03359375
2 0.57578125 0.703125 0.03515625 0.0359375
2 0.6453125 0.7328125 0.028125 0.040625
2 0.49453125 0.60546875 0.02578125 0.028125
2 0.5359375 0.60546875 0.028125 0.03359375
2 0.45859375 0.6078125 0.02890625 0.034375
2 0.42265625 0.61171875 0.02578125 0.02890625
2 0.38359375 0.60234375 0.02734375 0.02890625
2 0.24453125 0.615625 0.04453125 0.028125
2 0.29453125 0.609375 0.03125 0.03203125
2 0.13984375 0.61953125 0.04921875 0.03046875
2 0.1953125 0.61796875 0.028125 0.0359375
2 0.07265625 0.61796875 0.04296875 0.01953125
2 0.82578125 0.5640625 0.02578125 0.025
2 0.85390625 0.55546875 0.02578125 0.021875
2 0.79296875 0.56796875 0.02421875 0.025
2 0.76015625 0.57421875 0.02890625 0.0375
2 0.71953125 0.53203125 0.03125 0.028125
2 0.8828125 0.55703125 0.028125 0.03046875
2 0.91953125 0.55546875 0.021875 0.025
2 0.95234375 0.55 0.02890625 0.025
2 0.7796875 0.51328125 0.034375 0.01796875
2 0.7734375 0.53671875 0.034375 0.01796875
2 0.82578125 0.5328125 0.040625 0.0265625
2 0.81796875 0.50390625 0.03046875 0.01953125
2 0.98203125 0.49921875 0.02890625 0.0265625
2 0.8984375 0.50703125 0.03828125 0.04140625
2 0.86015625 0.51015625 0.03203125 0.02890625
2 0.92890625 0.50390625 0.02265625 0.03359375
2 0.95390625 0.5015625 0.02265625 0.028125
2 0.88046875 0.53046875 0.04296875 0.01953125
2 0.91953125 0.52890625 0.03359375 0.03046875
2 0.44375 0.578125 0.025 0.0234375
2 0.47265625 0.571875 0.03671875 0.028125
2 0.36796875 0.5703125 0.02265625 0.0234375
2 0.41328125 0.584375 0.02890625 0.01640625