2 0.28359375 0.85859375 0.034375 0.07890625
2 0.453125 0.7671875 0.05 0.06171875
2 0.2609375 0.78046875 0.0484375 0.05390625
2 0.2359375 0.7390625 0.0390625 0.07890625
2 0.3296875 0.75390625 0.0578125 0.084375
2 0.32578125 0.6734375 0.0328125 0.04609375
2 0.4390625 0.6953125 0.05390625 0.07890625
2 0.28203125 0.72421875 0.0375 0.0515625
2 0.4234375 0.63203125 0.0359375 0.03671875
2 0.503125 0.746875 0.0515625 0.06328125
2 0.396875 0.80546875 0.05546875 0.0921875
2 0.55546875 0.72578125 0.03828125 0.05546875
2 0.59453125 0.7078125 0.03828125 0.06171875
2 0.58671875 0.65390625 0.03203125 0.0578125
2 0.5484375 0.6546875 0.04296875 0.05546875
2 0.50078125 0.609375 0.03828125 0.04609375
2 0.50078125 0.67578125 0.053125 0.05546875
2 0.4609375 0.621875 0.03203125 0.03671875
2 0.53984375 0.603125 0.0375 0.04453125
2 0.396875 0.72109375 0.0359375 0.06953125
2 0.628125 0.65 0.03671875 0.04609375
2 0.57578125 0.59140625 0.03359375 0.0328125
2 0.63203125 0.57421875 0.02421875 0.0328125
2 0.6671875 0.64296875 0.03203125 0.03671875
2 0.7203125 0.6625 0.02890625 0.040625
2 0.7484375 0.64609375 0.025 0.03046875
2 0.80703125 0.6359375 0.02578125 0.02890625
2 0.90078125 0.5921875 0.025 0.03046875
2 0.9234375 0.58359375 0.01796875 0.03671875
2 0.775 0.6421875 0.02109375 0.034375
2 0.65703125 0.60390625 0.02578125 0.0421875
2 0.68359375 0.5875 0.02890625 0.02890625
2 0.753125 0.6078125 0.0296875 0.03828125
2 0.74453125 0.56640625 0.03359375 0.0328125
2 0.77578125 0.590625 0.02109375 0.0421875
2 0.4203125 0.5421875 0.0296875 0.034375
2 0.42578125 0.4453125 0.0171875 0.02890625
2 0.40078125 0.44453125 0.025 0.034375
2 0.4515625 0.440625 0.021875 0.0234375
2 0.384375 0.54921875 0.0296875 0.04453125
2 0.378125 0.50546875 0.03046875 0.05
2 0.28828125 0.575 0.028125 0.03828125
2 0.15 0.5703125 0.03046875 0.02890625
2 0.16484375 0.51640625 0.03203125 0.0328125
2 0.240625 0.44921875 0.02421875 0.040625
2 0.340625 0.42421875 0.01953125 0.0328125
2 0.29453125 0.5296875 0.03359375 0.04453125
2 0.296875 0.49921875 0.02578125 0.025
2 0.3390625 0.56171875 0.03046875 0.03828125
2 0.3375 0.49609375 0.025 0.0421875
2 0.3359375 0.5296875 0.034375 0.03671875
2 0.22109375 0.55703125 0.03046875 0.03671875
2 0.55234375 0.5140625 0.0296875 0.02890625
2 0.51875 0.48828125 0.021875 0.03046875
2 0.4921875 0.48359375 0.02109375 0.0328125
2 0.43203125 0.47890625 0.02890625 0.03046875
2 0.49375 0.52421875 0.0359375 0.03671875
2 0.459375 0.53046875 0.028125 0.05
2 0.6859375 0.67890625 0.0234375 0.03828125
2 0.62265625 0.61640625 0.0359375 0.03671875
2 0.7125 0.5875 0.025 0.02890625
2 0.68984375 0.61640625 0.0359375 0.02890625
2 0.66171875 0.56796875 0.0203125 0.025
2 0.8453125 0.57109375 0.0265625 0.0265625
2 0.58125 0.5078125 0.021875 0.01953125
2 0.4234375 0.5140625 0.0328125 0.02890625
2 0.54375 0.47109375 0.01796875 0.01171875
2 0.475 0.4375 0.02109375 0.02109375
2 0.27421875 0.4453125 0.0234375 0.02890625
2 0.25 0.4140625 0.03046875 0.025
2 0.21484375 0.4515625 0.0203125 0.034375
2 0.24765625 0.509375 0.03359375 0.0421875
2 0.2640625 0.67890625 0.03671875 0.05
2 0.76796875 0.5359375 0.01640625 0.02890625
2 0.6859375 0.5609375 0.01796875 0.025
2 0.7875 0.5375 0.01953125 0.02890625
2 0.87421875 0.56796875 0.025 0.02890625
2 0.82421875 0.54140625 0.02890625 0.02890625
2 0.85078125 0.5390625 0.021875 0.0328125
2 0.8828125 0.5234375 0.03359375 0.03046875
2 0.89375 0.54921875 0.0296875 0.0328125
2 0.83046875 0.6171875 0.01796875 0.0265625
2 0.94921875 0.57421875 0.02890625 0.02890625
2 0.978125 0.5625 0.028125 0.0328125
2 0.5875 0.46953125 0.0234375 0.0234375
2 0.6046875 0.50546875 0.025 0.03046875
2 0.57421875 0.48828125 0.021875 0.0234375
2 0.6296875 0.503125 0.0265625 0.03671875
2 0.61171875 0.4640625 0.0203125 0.025
2 0.6390625 0.46796875 0.034375 0.02109375
2 0.659375 0.50546875 0.021875 0.034375
2 0.7484375 0.50078125 0.015625 0.025
2 0.71484375 0.4859375 0.0203125 0.025
2 0.69296875 0.5078125 0.03046875 0.03828125
2 0.3703125 0.434375 0.0234375 0.03046875
2 0.44921875 0.41328125 0.0203125 0.0234375
2 0.1734375 0.4171875 0.02578125 0.03046875
2 0.78125 0.4953125 0.01796875 0.025
2 0.496875 0.434375 0.0203125 0.03828125
2 0.52265625 0.43046875 0.02421875 0.03046875
2 0.54765625 0.43203125 0.01796875 0.02890625
2 0.58828125 0.4328125 0.0234375 0.034375
2 0.56796875 0.43203125 0.0203125 0.03671875
2 0.6109375 0.43203125 0.021875 0.03671875
2 0.80078125 0.4921875 0.015625 0.0265625
2 0.39296875 0.3890625 0.021875 0.0328125
2 0.9265625 0.5515625 0.02421875 0.03828125
2 0.91953125 0.5203125 0.034375 0.02890625
2 0.98984375 0.528125 0.0203125 0.034375
2 0.4234375 0.384375 0.03359375 0.034375