2 0.8859375 0.840625 0.13046875 0.15
2 0.09453125 0.9375 0.16875 0.125
2 0.19140625 0.79765625 0.13359375 0.13203125
2 0.24765625 0.68046875 0.11484375 0.11953125
2 0.78828125 0.72421875 0.13515625 0.115625
2 0.7359375 0.64296875 0.134375 0.1
2 0.9375 0.66796875 0.125 0.11953125
2 0.89453125 0.60546875 0.11953125 0.08359375
2 0.31953125 0.58203125 0.109375 0.05546875
2 0.09453125 0.65546875 0.12421875 0.0890625
2 0.16640625 0.58359375 0.08046875 0.05
2 0.67265625 0.54765625 0.11015625 0.06796875
2 0.8046875 0.54140625 0.12578125 0.06953125
2 0.94375 0.9640625 0.1125 0.071875
2 0.34453125 0.54140625 0.07734375 0.04453125
2 0.35625 0.51015625 0.06875 0.04296875
2 0.38203125 0.4890625 0.06796875 0.046875
2 0.278125 0.48984375 0.0375 0.034375
2 0.23515625 0.521875 0.06875 0.04296875
2 0.2015625 0.54921875 0.08046875 0.04296875
2 0.03828125 0.58984375 0.07421875 0.04609375
2 0.0203125 0.52890625 0.03828125 0.06640625
2 0.05703125 0.528125 0.0375 0.0609375
2 0.1203125 0.471875 0.04921875 0.0390625
2 0.08515625 0.49921875 0.034375 0.040625
2 0.10390625 0.56171875 0.05390625 0.05390625
2 0.14921875 0.521875 0.05859375 0.05
2 0.203125 0.484375 0.05 0.04296875
2 0.73515625 0.48203125 0.06015625 0.0359375
2 0.6359375 0.484375 0.08046875 0.0515625
2 0.22421875 0.43046875 0.04609375 0.0359375
2 0.29921875 0.46328125 0.05078125 0.04296875
2 0.1765625 0.44921875 0.040625 0.03203125
2 0.69765625 0.45078125 0.06640625 0.0375
2 0.9640625 0.50546875 0.071875 0.08046875
2 0.95703125 0.584375 0.084375 0.084375
2 0.85078125 0.51015625 0.06640625 0.065625
2 0.89765625 0.471875 0.071875 0.0625
2 0.8421875 0.44765625 0.059375 0.059375
2 0.8046875 0.46640625 0.06796875 0.0640625
2 0.65234375 0.44765625 0.05546875 0.04296875
2 0.60390625 0.44609375 0.04375 0.0390625
2 0.01875 0.69609375 0.03515625 0.14140625
2 0.75234375 0.44140625 0.046875 0.04453125
2 0.39453125 0.4515625 0.05 0.0359375