2 0.1140625 0.840625 0.13046875 0.15
2 0.90546875 0.9375 0.16875 0.125
2 0.80859375 0.79765625 0.13359375 0.13203125
2 0.75234375 0.68046875 0.11484375 0.11953125
2 0.21171875 0.72421875 0.13515625 0.115625
2 0.2640625 0.64296875 0.134375 0.1
2 0.0625 0.66796875 0.125 0.11953125
2 0.10546875 0.60546875 0.11953125 0.08359375
2 0.68046875 0.58203125 0.109375 0.05546875
2 0.90546875 0.65546875 0.12421875 0.0890625
2 0.83359375 0.58359375 0.08046875 0.05
2 0.32734375 0.54765625 0.11015625 0.06796875
2 0.1953125 0.54140625 0.12578125 0.06953125
2 0.05625 0.9640625 0.1125 0.071875
2 0.65546875 0.54140625 0.07734375 0.04453125
2 0.64375 0.51015625 0.06875 0.04296875
2 0.61796875 0.4890625 0.06796875 0.046875
2 0.721875 0.48984375 0.0375 0.034375
2 0.76484375 0.521875 0.06875 0.04296875
2 0.7984375 0.54921875 0.08046875 0.04296875
2 0.96171875 0.58984375 0.07421875 0.04609375
2 0.9796875 0.52890625 0.03828125 0.06640625
2 0.94296875 0.528125 0.0375 0.0609375
2 0.8796875 0.471875 0.04921875 0.0390625
2 0.91484375 0.49921875 0.034375 0.040625
2 0.89609375 0.56171875 0.05390625 0.05390625
2 0.85078125 0.521875 0.05859375 0.05
2 0.796875 0.484375 0.05 0.04296875
2 0.26484375 0.48203125 0.06015625 0.0359375
2 0.3640625 0.484375 0.08046875 0.0515625
2 0.77578125 0.43046875 0.04609375 0.0359375
2 0.70078125 0.46328125 0.05078125 0.04296875
2 0.8234375 0.44921875 0.040625 0.03203125
2 0.30234375 0.45078125 0.06640625 0.0375
2 0.0359375 0.50546875 0.071875 0.08046875
2 0.04296875 0.584375 0.084375 0.084375
2 0.14921875 0.51015625 0.06640625 0.065625
2 0.10234375 0.471875 0.071875 0.0625
2 0.1578125 0.44765625 0.059375 0.059375
2 0.1953125 0.46640625 0.06796875 0.0640625
2 0.34765625 0.44765625 0.05546875 0.04296875
2 0.39609375 0.44609375 0.04375 0.0390625
2 0.98125 0.69609375 0.03515625 0.14140625
2 0.24765625 0.44140625 0.046875 0.04453125
2 0.60546875 0.4515625 0.05 0.0359375