2 0.23359375 0.3390625 0.13671875 0.153125
2 0.10234375 0.27265625 0.13984375 0.11796875
2 0.07578125 0.37578125 0.1375 0.14296875
2 0.34921875 0.309375 0.09765625 0.1140625
2 0.459375 0.28671875 0.125 0.11796875
2 0.58671875 0.309375 0.11953125 0.109375
2 0.6859375 0.33046875 0.096875 0.125
2 0.05390625 0.48046875 0.10546875 0.10859375
2 0.05625 0.59296875 0.11015625 0.103125
2 0.07109375 0.69296875 0.13984375 0.121875
2 0.090625 0.87578125 0.17890625 0.24609375
2 0.21640625 0.49921875 0.17109375 0.1734375
2 0.23515625 0.68671875 0.18359375 0.1875
2 0.3046875 0.82421875 0.16328125 0.14609375
2 0.29140625 0.94296875 0.1875 0.1109375
2 0.378125 0.42421875 0.13515625 0.09296875
2 0.38515625 0.53046875 0.15625 0.13046875
2 0.41328125 0.66796875 0.17578125 0.14453125
2 0.46328125 0.78828125 0.17734375 0.14296875
2 0.48125 0.92734375 0.146875 0.1453125
2 0.50078125 0.42265625 0.1 0.12109375
2 0.51953125 0.5453125 0.10859375 0.1015625
2 0.57109375 0.64453125 0.13359375 0.125
2 0.61953125 0.76796875 0.13515625 0.128125
2 0.64453125 0.91171875 0.15703125 0.16796875
2 0.59765625 0.43046875 0.1 0.121875
2 0.62265625 0.53515625 0.1 0.09609375
2 0.68203125 0.63515625 0.1 0.1265625
2 0.73828125 0.73046875 0.1125 0.11953125
2 0.76640625 0.86796875 0.12265625 0.1640625
2 0.69296875 0.45078125 0.08515625 0.1015625
2 0.72109375 0.52890625 0.08671875 0.078125
2 0.78046875 0.6078125 0.09140625 0.1015625
2 0.83515625 0.715625 0.09375 0.0984375
2 0.87578125 0.83671875 0.11171875 0.1625
2 0.9625 0.83125 0.075 0.15625
2 0.78203125 0.44296875 0.08359375 0.10546875
2 0.85703125 0.5828125 0.09375 0.109375
2 0.93046875 0.69765625 0.09609375 0.1234375
2 0.77109375 0.32421875 0.05546875 0.065625
2 0.81171875 0.38046875 0.07265625 0.09453125
2 0.31953125 0.13515625 0.08828125 0.084375
2 0.2 0.09296875 0.1 0.1
2 0.08515625 0.059375 0.12109375 0.090625
2 0.40703125 0.13515625 0.06796875 0.10703125
2 0.48359375 0.159375 0.10234375 0.08203125
2 0.45390625 0.08515625 0.06015625 0.05703125
2 0.89296875 0.41640625 0.08203125 0.10859375
2 0.9359375 0.56015625 0.053125 0.10703125
2 0.28984375 0.06640625 0.06796875 0.05859375
2 0.17890625 0.025 0.07265625 0.046875
2 0.26875 0.021875 0.1 0.040625
2 0.37265625 0.053125 0.06875 0.0640625
2 0.51484375 0.08203125 0.06953125 0.0640625
2 0.8359375 0.33125 0.03671875 0.05703125
2 0.57265625 0.1859375 0.04453125 0.04140625
2 0.62890625 0.2 0.0625 0.05859375
2 0.86171875 0.496875 0.075 0.059375
2 0.8984375 0.33125 0.059375 0.0515625
2 0.959375 0.3484375 0.04140625 0.05546875
2 0.5375 0.021875 0.0375 0.04140625
2 0.48515625 0.02421875 0.053125 0.04609375
2 0.42890625 0.02734375 0.059375 0.0515625
2 0.69453125 0.2078125 0.05859375 0.065625
2 0.5796875 0.02265625 0.040625 0.040625
2 0.57421875 0.08125 0.03984375 0.07109375
2 0.60859375 0.134375 0.0625 0.0609375
2 0.62734375 0.0359375 0.05546875 0.0359375
2 0.67734375 0.0515625 0.0375 0.04140625
2 0.71953125 0.06640625 0.0375 0.0359375
2 0.98125 0.57109375 0.0375 0.0953125
2 0.97578125 0.490625 0.04765625 0.05546875
2 0.68203125 0.134375 0.075 0.0625
2 0.62734375 0.07890625 0.05390625 0.04453125
2 0.75390625 0.0421875 0.04140625 0.05703125
2 0.84765625 0.07421875 0.046875 0.0515625
2 0.8 0.05546875 0.04609375 0.05859375
2 0.7546875 0.209375 0.05703125 0.06796875
2 0.815625 0.2125 0.05625 0.0640625
2 0.86015625 0.22890625 0.03359375 0.0640625
2 0.9578125 0.25546875 0.040625 0.0609375
2 0.89375 0.23203125 0.02734375 0.0609375
2 0.55078125 0.1390625 0.046875 0.0390625
2 0.75859375 0.09375 0.04296875 0.034375
2 0.753125 0.13203125 0.05625 0.046875
2 0.8046875 0.09921875 0.046875 0.04296875
2 0.81328125 0.16328125 0.05078125 0.04296875
2 0.90390625 0.140625 0.0375 0.03203125
2 0.89765625 0.08125 0.03203125 0.02890625
2 0.85234375 0.03359375 0.03359375 0.03046875
2 0.89765625 0.046875 0.03203125 0.028125
2 0.925 0.24609375 0.03515625 0.04140625
2 0.9640625 0.20078125 0.028125 0.0515625
2 0.86484375 0.184375 0.05703125 0.046875
2 0.92890625 0.153125 0.02890625 0.034375
2 0.93203125 0.19375 0.03125 0.04296875