2 0.71640625 0.85859375 0.034375 0.07890625
2 0.546875 0.7671875 0.05 0.06171875
2 0.7390625 0.78046875 0.0484375 0.05390625
2 0.7640625 0.7390625 0.0390625 0.07890625
2 0.6703125 0.75390625 0.0578125 0.084375
2 0.67421875 0.6734375 0.0328125 0.04609375
2 0.5609375 0.6953125 0.05390625 0.07890625
2 0.71796875 0.72421875 0.0375 0.0515625
2 0.5765625 0.63203125 0.0359375 0.03671875
2 0.496875 0.746875 0.0515625 0.06328125
2 0.603125 0.80546875 0.05546875 0.0921875
2 0.44453125 0.72578125 0.03828125 0.05546875
2 0.40546875 0.7078125 0.03828125 0.06171875
2 0.41328125 0.65390625 0.03203125 0.0578125
2 0.4515625 0.6546875 0.04296875 0.05546875
2 0.49921875 0.609375 0.03828125 0.04609375
2 0.49921875 0.67578125 0.053125 0.05546875
2 0.5390625 0.621875 0.03203125 0.03671875
2 0.46015625 0.603125 0.0375 0.04453125
2 0.603125 0.72109375 0.0359375 0.06953125
2 0.371875 0.65 0.03671875 0.04609375
2 0.42421875 0.59140625 0.03359375 0.0328125
2 0.36796875 0.57421875 0.02421875 0.0328125
2 0.3328125 0.64296875 0.03203125 0.03671875
2 0.2796875 0.6625 0.02890625 0.040625
2 0.2515625 0.64609375 0.025 0.03046875
2 0.19296875 0.6359375 0.02578125 0.02890625
2 0.09921875 0.5921875 0.025 0.03046875
2 0.0765625 0.58359375 0.01796875 0.03671875
2 0.225 0.6421875 0.02109375 0.034375
2 0.34296875 0.60390625 0.02578125 0.0421875
2 0.31640625 0.5875 0.02890625 0.02890625
2 0.246875 0.6078125 0.0296875 0.03828125
2 0.25546875 0.56640625 0.03359375 0.0328125
2 0.22421875 0.590625 0.02109375 0.0421875
2 0.5796875 0.5421875 0.0296875 0.034375
2 0.57421875 0.4453125 0.0171875 0.02890625
2 0.59921875 0.44453125 0.025 0.034375
2 0.5484375 0.440625 0.021875 0.0234375
2 0.615625 0.54921875 0.0296875 0.04453125
2 0.621875 0.50546875 0.03046875 0.05
2 0.71171875 0.575 0.028125 0.03828125
2 0.85 0.5703125 0.03046875 0.02890625
2 0.83515625 0.51640625 0.03203125 0.0328125
2 0.759375 0.44921875 0.02421875 0.040625
2 0.659375 0.42421875 0.01953125 0.0328125
2 0.70546875 0.5296875 0.03359375 0.04453125
2 0.703125 0.49921875 0.02578125 0.025
2 0.6609375 0.56171875 0.03046875 0.03828125
2 0.6625 0.49609375 0.025 0.0421875
2 0.6640625 0.5296875 0.034375 0.03671875
2 0.77890625 0.55703125 0.03046875 0.03671875
2 0.44765625 0.5140625 0.0296875 0.02890625
2 0.48125 0.48828125 0.021875 0.03046875
2 0.5078125 0.48359375 0.02109375 0.0328125
2 0.56796875 0.47890625 0.02890625 0.03046875
2 0.50625 0.52421875 0.0359375 0.03671875
2 0.540625 0.53046875 0.028125 0.05
2 0.3140625 0.67890625 0.0234375 0.03828125
2 0.37734375 0.61640625 0.0359375 0.03671875
2 0.2875 0.5875 0.025 0.02890625
2 0.31015625 0.61640625 0.0359375 0.02890625
2 0.33828125 0.56796875 0.0203125 0.025
2 0.1546875 0.57109375 0.0265625 0.0265625
2 0.41875 0.5078125 0.021875 0.01953125
2 0.5765625 0.5140625 0.0328125 0.02890625
2 0.45625 0.47109375 0.01796875 0.01171875
2 0.525 0.4375 0.02109375 0.02109375
2 0.72578125 0.4453125 0.0234375 0.02890625
2 0.75 0.4140625 0.03046875 0.025
2 0.78515625 0.4515625 0.0203125 0.034375
2 0.75234375 0.509375 0.03359375 0.0421875
2 0.7359375 0.67890625 0.03671875 0.05
2 0.23203125 0.5359375 0.01640625 0.02890625
2 0.3140625 0.5609375 0.01796875 0.025
2 0.2125 0.5375 0.01953125 0.02890625
2 0.12578125 0.56796875 0.025 0.02890625
2 0.17578125 0.54140625 0.02890625 0.02890625
2 0.14921875 0.5390625 0.021875 0.0328125
2 0.1171875 0.5234375 0.03359375 0.03046875
2 0.10625 0.54921875 0.0296875 0.0328125
2 0.16953125 0.6171875 0.01796875 0.0265625
2 0.05078125 0.57421875 0.02890625 0.02890625
2 0.021875 0.5625 0.028125 0.0328125
2 0.4125 0.46953125 0.0234375 0.0234375
2 0.3953125 0.50546875 0.025 0.03046875
2 0.42578125 0.48828125 0.021875 0.0234375
2 0.3703125 0.503125 0.0265625 0.03671875
2 0.38828125 0.4640625 0.0203125 0.025
2 0.3609375 0.46796875 0.034375 0.02109375
2 0.340625 0.50546875 0.021875 0.034375
2 0.2515625 0.50078125 0.015625 0.025
2 0.28515625 0.4859375 0.0203125 0.025
2 0.30703125 0.5078125 0.03046875 0.03828125
2 0.6296875 0.434375 0.0234375 0.03046875
2 0.55078125 0.41328125 0.0203125 0.0234375
2 0.8265625 0.4171875 0.02578125 0.03046875
2 0.21875 0.4953125 0.01796875 0.025
2 0.503125 0.434375 0.0203125 0.03828125
2 0.47734375 0.43046875 0.02421875 0.03046875
2 0.45234375 0.43203125 0.01796875 0.02890625
2 0.41171875 0.4328125 0.0234375 0.034375
2 0.43203125 0.43203125 0.0203125 0.03671875
2 0.3890625 0.43203125 0.021875 0.03671875
2 0.19921875 0.4921875 0.015625 0.0265625
2 0.60703125 0.3890625 0.021875 0.0328125
2 0.0734375 0.5515625 0.02421875 0.03828125
2 0.08046875 0.5203125 0.034375 0.02890625
2 0.01015625 0.528125 0.0203125 0.034375
2 0.5765625 0.384375 0.03359375 0.034375