2 0.4609375 0.83671875 0.09453125 0.10703125
2 0.59765625 0.77421875 0.06015625 0.084375
2 0.75703125 0.73046875 0.05078125 0.0859375
2 0.83203125 0.67890625 0.06328125 0.06640625
2 0.8546875 0.79140625 0.084375 0.08046875
2 0.49453125 0.696875 0.04140625 0.04296875
2 0.3640625 0.74921875 0.059375 0.0625
2 0.29765625 0.69140625 0.05625 0.05859375
2 0.53828125 0.60859375 0.05 0.0609375
2 0.33359375 0.60546875 0.07265625 0.05859375
2 0.2390625 0.64296875 0.04296875 0.04453125
2 0.41328125 0.53671875 0.04453125 0.04296875
2 0.91015625 0.53671875 0.02890625 0.04296875
2 0.75234375 0.48046875 0.05234375 0.0390625
2 0.82265625 0.50546875 0.04765625 0.03359375
2 0.19296875 0.60546875 0.03515625 0.03046875
2 0.28828125 0.56015625 0.03359375 0.02890625
2 0.40234375 0.46953125 0.03515625 0.0359375
2 0.49140625 0.51171875 0.03359375 0.034375
2 0.55078125 0.54296875 0.040625 0.03359375
2 0.62890625 0.58046875 0.04609375 0.04453125
2 0.70078125 0.61328125 0.06484375 0.05703125
2 0.67890625 0.45546875 0.04453125 0.04140625
2 0.62265625 0.44296875 0.04140625 0.03359375
2 0.57890625 0.94609375 0.075 0.0890625
2 0.1296875 0.540625 0.053125 0.0375
2 0.17421875 0.56796875 0.04453125 0.03359375
2 0.26171875 0.52265625 0.03203125 0.03203125
2 0.22578125 0.49609375 0.03515625 0.03359375
2 0.1203125 0.49765625 0.053125 0.03203125
2 0.17734375 0.44921875 0.02578125 0.034375
2 0.1984375 0.48046875 0.03046875 0.0359375
2 0.29453125 0.45703125 0.04140625 0.046875
2 0.3171875 0.48984375 0.03828125 0.02890625
2 0.36328125 0.51484375 0.03359375 0.034375
2 0.36640625 0.45390625 0.02890625 0.03046875
2 0.33046875 0.42734375 0.02890625 0.034375
2 0.23515625 0.43046875 0.03515625 0.021875
2 0.58046875 0.39296875 0.03203125 0.03046875
2 0.62265625 0.41328125 0.03046875 0.03203125
2 0.73359375 0.4453125 0.03515625 0.034375
2 0.67265625 0.42421875 0.03203125 0.03203125
2 0.80234375 0.46015625 0.04921875 0.04296875
2 0.87265625 0.484375 0.06015625 0.0390625
2 0.97890625 0.88203125 0.03984375 0.0609375
2 0.77109375 0.41171875 0.02890625 0.03203125
2 0.87890625 0.41640625 0.04375 0.01953125
2 0.8890625 0.44140625 0.046875 0.03046875
2 0.94921875 0.428125 0.05234375 0.03046875
2 0.96328125 0.46171875 0.03359375 0.03203125
2 0.70390625 0.40234375 0.03359375 0.0234375
2 0.15078125 0.43828125 0.03203125 0.01796875
2 0.10703125 0.4765625 0.04609375 0.025
2 0.0890625 0.46015625 0.046875 0.02109375
2 0.06015625 0.44296875 0.02890625 0.021875
2 0.2109375 0.41171875 0.028125 0.0234375
2 0.29921875 0.41953125 0.02890625 0.025
2 0.5734375 0.42890625 0.034375 0.028125
2 0.65390625 0.390625 0.028125 0.028125
2 0.57890625 0.35234375 0.02265625 0.015625
2 0.57578125 0.3703125 0.02265625 0.0265625
2 0.55078125 0.34765625 0.01953125 0.0234375
2 0.82578125 0.353125 0.03046875 0.0265625
2 0.79453125 0.31796875 0.025 0.028125
2 0.82890625 0.31640625 0.01640625 0.01953125
2 0.78828125 0.28671875 0.02265625 0.02109375
2 0.81640625 0.42421875 0.025 0.01796875
2 0.61953125 0.36328125 0.02421875 0.02109375
2 0.95390625 0.35546875 0.028125 0.025
2 0.9859375 0.38125 0.028125 0.034375
2 0.92890625 0.37578125 0.02890625 0.01796875
2 0.87890625 0.36640625 0.02578125 0.021875
2 0.87265625 0.32421875 0.02265625 0.02109375
2 0.8453125 0.33203125 0.02578125 0.01953125
2 0.98046875 0.30546875 0.03203125 0.025
2 0.990625 0.2828125 0.01875 0.0234375
2 0.7109375 0.340625 0.02421875 0.01953125
2 0.76640625 0.315625 0.025 0.025
2 0.53984375 0.38515625 0.02734375 0.02890625
2 0.12265625 0.40234375 0.01875 0.0234375
2 0.1671875 0.39296875 0.021875 0.01640625
2 0.78828125 0.34765625 0.01875 0.02890625
2 0.40546875 0.6375 0.03671875 0.04140625