2 0.62890625 0.66015625 0.36953125 0.31796875
2 0.8984375 0.62421875 0.203125 0.2265625
2 0.1984375 0.86484375 0.396875 0.2703125
2 0.21328125 0.678125 0.30859375 0.15546875
2 0.40078125 0.50546875 0.23984375 0.178125
2 0.12109375 0.56484375 0.23515625 0.1484375
2 0.66015625 0.46796875 0.11171875 0.15
2 0.096875 0.46171875 0.19140625 0.09296875
2 0.93203125 0.47421875 0.13125 0.10703125
2 0.79765625 0.44921875 0.12734375 0.1015625
2 0.56953125 0.42265625 0.084375 0.134375
2 0.21953125 0.39609375 0.078125 0.075
2 0.34140625 0.37890625 0.06875 0.05546875
2 0.82265625 0.37890625 0.07265625 0.05546875
2 0.90234375 0.39453125 0.07421875 0.071875
2 0.40078125 0.35234375 0.08125 0.06796875
2 0.46640625 0.38046875 0.121875 0.071875
2 0.3171875 0.34921875 0.07578125 0.059375
2 0.16953125 0.36171875 0.06953125 0.04609375
2 0.04609375 0.34296875 0.08671875 0.0609375
2 0.25703125 0.33828125 0.059375 0.0515625
2 0.7296875 0.36875 0.09921875 0.04609375
2 0.65078125 0.3640625 0.05546875 0.04140625