2 0.3234375 0.815625 0.08828125 0.121875
2 0.41328125 0.8578125 0.0828125 0.165625
2 0.52890625 0.91015625 0.10546875 0.13671875
2 0.63671875 0.94609375 0.10234375 0.10703125
2 0.12734375 0.71328125 0.0546875 0.103125
2 0.05859375 0.6734375 0.071875 0.0984375
2 0.24296875 0.66171875 0.07421875 0.09296875
2 0.328125 0.6875 0.078125 0.09140625
2 0.4203125 0.70859375 0.09140625 0.10703125
2 0.5109375 0.7625 0.0921875 0.1234375
2 0.6265625 0.81875 0.10859375 0.12734375
2 0.73046875 0.88125 0.0890625 0.10703125
2 0.81328125 0.8578125 0.078125 0.121875
2 0.90234375 0.909375 0.14140625 0.17265625
2 0.8046875 0.7328125 0.08359375 0.09609375
2 0.92265625 0.77890625 0.0640625 0.065625
2 0.7109375 0.6765625 0.0765625 0.09296875
2 0.61171875 0.63359375 0.07890625 0.08828125
2 0.53671875 0.61484375 0.0703125 0.06796875
2 0.6203125 0.71875 0.06484375 0.0578125
2 0.52421875 0.67578125 0.0875 0.05625
2 0.459375 0.5765625 0.05859375 0.0578125
2 0.46484375 0.640625 0.0828125 0.065625
2 0.32421875 0.54375 0.071875 0.065625
2 0.3890625 0.60234375 0.0578125 0.04921875
2 0.2078125 0.4921875 0.0671875 0.0578125
2 0.05390625 0.52890625 0.075 0.103125
2 0.12265625 0.56640625 0.06328125 0.10703125
2 0.175 0.6046875 0.05859375 0.11484375
2 0.859375 0.55859375 0.06953125 0.0609375
2 0.63203125 0.484375 0.0609375 0.07578125
2 0.1078125 0.4515625 0.053125 0.05234375
2 0.0546875 0.4375 0.040625 0.0390625
2 0.7015625 0.5171875 0.0640625 0.07109375
2 0.56328125 0.4578125 0.06171875 0.05390625
2 0.49921875 0.44609375 0.0578125 0.0453125
2 0.3828125 0.41484375 0.046875 0.0375
2 0.3234375 0.38984375 0.0421875 0.05390625
2 0.85 0.49296875 0.05625 0.0453125
2 0.865625 0.43671875 0.0609375 0.0375
2 0.896875 0.478125 0.03515625 0.05390625
2 0.93828125 0.4578125 0.05078125 0.05390625
2 0.68125 0.403125 0.04765625 0.04921875
2 0.734375 0.4109375 0.0484375 0.03515625
2 0.69453125 0.45625 0.05390625 0.0453125
2 0.7859375 0.55234375 0.06015625 0.0625
2 0.2671875 0.5140625 0.03984375 0.0609375
2 0.3140625 0.59140625 0.04921875 0.05078125
2 0.7140625 0.77578125 0.08828125 0.0828125
2 0.39375 0.55625 0.0578125 0.05390625
2 0.62734375 0.39296875 0.03984375 0.0421875
2 0.9 0.52578125 0.06484375 0.05078125
2 0.796875 0.4234375 0.040625 0.04609375
2 0.79140625 0.48125 0.0359375 0.05625
2 0.56640625 0.36640625 0.034375 0.03046875
2 0.51953125 0.3546875 0.0515625 0.0390625
2 0.46953125 0.34609375 0.0375 0.0390625
2 0.8375 0.3484375 0.0390625 0.04609375
2 0.67734375 0.28515625 0.02578125 0.05078125
2 0.1765625 0.528125 0.05859375 0.04375
2 0.11171875 0.50703125 0.0453125 0.0421875
2 0.01640625 0.62890625 0.0328125 0.0703125
2 0.2875 0.38125 0.04375 0.05390625
2 0.3015625 0.30078125 0.0328125 0.03046875
2 0.33515625 0.340625 0.03125 0.03359375
2 0.434375 0.428125 0.05546875 0.04921875
2 0.74609375 0.46796875 0.03984375 0.065625
2 0.88046875 0.30625 0.03046875 0.04609375
2 0.90546875 0.3734375 0.02421875 0.03359375
2 0.94140625 0.36015625 0.0375 0.0203125
2 0.96953125 0.3390625 0.0234375 0.059375
2 0.93671875 0.33203125 0.034375 0.03203125
2 0.90859375 0.32734375 0.02578125 0.0390625
2 0.8453125 0.30390625 0.0359375 0.0359375
2 0.74921875 0.33046875 0.03984375 0.0421875
2 0.7 0.325 0.0375 0.0375
2 0.72265625 0.28828125 0.03203125 0.0359375
2 0.7578125 0.290625 0.03671875 0.0375
2 0.79765625 0.3359375 0.0375 0.0421875
2 0.6453125 0.31015625 0.03515625 0.0421875
2 0.6296875 0.2765625 0.02890625 0.03046875
2 0.60078125 0.29453125 0.02578125 0.0375
2 0.584375 0.26328125 0.02890625 0.0453125
2 0.55703125 0.296875 0.040625 0.0421875
2 0.546875 0.25234375 0.040625 0.03515625
2 0.53671875 0.20859375 0.03125 0.03046875
2 0.56796875 0.20546875 0.03125 0.03046875
2 0.50859375 0.2046875 0.02890625 0.03515625
2 0.51328125 0.2875 0.03515625 0.0375
2 0.471875 0.2765625 0.0359375 0.0421875
2 0.50859375 0.25078125 0.03359375 0.03203125
2 0.46796875 0.23359375 0.03515625 0.03515625
2 0.43671875 0.27109375 0.0296875 0.040625
2 0.3984375 0.26484375 0.03203125 0.0421875
2 0.4 0.2265625 0.02890625 0.0234375
2 0.4328125 0.23125 0.028125 0.02734375
2 0.37734375 0.3421875 0.03671875 0.0359375
2 0.428125 0.33515625 0.0359375 0.03203125
2 0.42421875 0.3703125 0.04375 0.040625
2 0.615625 0.434375 0.0546875 0.0421875
2 0.5578125 0.4171875 0.05234375 0.0421875
2 0.53125 0.39296875 0.0203125 0.02578125
2 0.49921875 0.409375 0.0453125 0.04609375
2 0.453125 0.39296875 0.0671875 0.0359375
2 0.3875 0.38203125 0.0484375 0.03203125
2 0.2921875 0.32734375 0.03046875 0.025
2 0.26484375 0.29453125 0.03359375 0.03515625
2 0.22578125 0.2828125 0.03515625 0.02578125
2 0.23125 0.375 0.0453125 0.0421875
2 0.14921875 0.3484375 0.0421875 0.03203125
2 0.1921875 0.3546875 0.0421875 0.0421875
2 0.1234375 0.31171875 0.02734375 0.03515625
2 0.0921875 0.334375 0.03359375 0.0421875
2 0.24921875 0.334375 0.04140625 0.03359375
2 0.20234375 0.31953125 0.0390625 0.03515625
2 0.18515625 0.28046875 0.04609375 0.03359375
2 0.16328125 0.3171875 0.0375 0.03359375
2 0.14921875 0.27578125 0.02578125 0.03203125
2 0.10859375 0.2765625 0.03828125 0.03359375
2 0.36015625 0.25546875 0.03671875 0.03203125
2 0.36640625 0.2265625 0.03515625 0.02578125
2 0.36953125 0.1921875 0.025 0.02734375
2 0.41484375 0.19140625 0.02265625 0.02890625
2 0.39140625 0.18984375 0.0203125 0.02890625
2 0.44453125 0.19296875 0.0296875 0.0234375
2 0.46953125 0.196875 0.01875 0.0390625
2 0.4875 0.19140625 0.01875 0.0375
2 0.321875 0.1828125 0.02421875 0.03515625
2 0.29609375 0.1796875 0.02421875 0.03515625
2 0.3234375 0.2484375 0.0296875 0.0375
2 0.3296875 0.215625 0.034375 0.03046875
2 0.2890625 0.24609375 0.04140625 0.03046875
2 0.2953125 0.2125 0.03125 0.03046875
2 0.25078125 0.24296875 0.03828125 0.02734375
2 0.26171875 0.2140625 0.02734375 0.03046875
2 0.23984375 0.20546875 0.02890625 0.03046875
2 0.2671875 0.1828125 0.021875 0.02578125
2 0.34453125 0.1828125 0.02109375 0.02578125
2 0.1234375 0.22734375 0.025 0.03046875
2 0.14921875 0.22734375 0.02109375 0.03046875
2 0.17890625 0.2296875 0.02578125 0.03203125
2 0.2078125 0.23671875 0.03046875 0.0375
2 0.2109375 0.2015625 0.03203125 0.02578125
2 0.0703125 0.271875 0.034375 0.03359375
2 0.04765625 0.290625 0.0359375 0.0375
2 0.01875 0.31875 0.03671875 0.0421875
2 0.0546875 0.33671875 0.0359375 0.02578125
2 0.01015625 0.28671875 0.0203125 0.0390625
2 0.03984375 0.253125 0.0375 0.02734375
2 0.1015625 0.21953125 0.025 0.02734375
2 0.1796875 0.19921875 0.02265625 0.0234375
2 0.153125 0.19765625 0.025 0.0234375
2 0.6 0.21328125 0.028125 0.04921875
2 0.009375 0.4234375 0.01875 0.0390625
2 0.015625 0.5234375 0.03125 0.075
2 0.01796875 0.4640625 0.0359375 0.0453125