2 0.384375 0.3859375 0.19140625 0.084375
2 0.24296875 0.85625 0.215625 0.1375
2 0.5109375 0.61953125 0.16640625 0.10078125
2 0.79140625 0.7015625 0.20546875 0.109375
2 0.44609375 0.53515625 0.17421875 0.065625
2 0.2390625 0.54921875 0.115625 0.0421875
2 0.58203125 0.46875 0.14921875 0.08671875
2 0.753125 0.3265625 0.12578125 0.0421875
2 0.5421875 0.38984375 0.11875 0.05625
2 0.36953125 0.3171875 0.1359375 0.05546875
2 0.7 0.271875 0.0953125 0.03828125
2 0.7046875 0.221875 0.115625 0.04140625
2 0.11328125 0.74375 0.19453125 0.06796875
2 0.478125 0.8859375 0.15390625 0.0890625
2 0.4328125 0.2359375 0.1 0.04609375
2 0.5671875 0.19375 0.103125 0.06015625
2 0.721875 0.12890625 0.07265625 0.0390625
2 0.425 0.1859375 0.0796875 0.03515625
2 0.48828125 0.165625 0.078125 0.03671875
2 0.48515625 0.1296875 0.06953125 0.02421875
2 0.4859375 0.09375 0.07109375 0.021875
2 0.5515625 0.08515625 0.05390625 0.03359375
2 0.61484375 0.090625 0.075 0.03359375
2 0.5546875 0.04609375 0.06640625 0.03515625
2 0.6328125 0.128125 0.07421875 0.02265625
2 0.7265625 0.0875 0.0828125 0.028125
2 0.70703125 0.0328125 0.06953125 0.03046875
2 0.64140625 0.04609375 0.04765625 0.0234375
2 0.6203125 0.028125 0.0578125 0.02734375