2 0.56484375 0.72578125 0.2375 0.1765625
2 0.2765625 0.90859375 0.35625 0.1828125
2 0.87578125 0.77421875 0.20703125 0.140625
2 0.8640625 0.94609375 0.153125 0.1078125
2 0.61640625 0.57890625 0.16015625 0.13046875
2 0.85546875 0.615625 0.12421875 0.18046875
2 0.66640625 0.4765625 0.08359375 0.0859375
2 0.07421875 0.47421875 0.096875 0.1015625
2 0.85859375 0.49765625 0.11640625 0.0484375
2 0.84296875 0.45625 0.096875 0.05390625
2 0.85703125 0.41953125 0.09921875 0.046875
2 0.70625 0.42890625 0.07109375 0.04140625
2 0.7171875 0.390625 0.06171875 0.05
2 0.23671875 0.41875 0.0625 0.0484375
2 0.1296875 0.396875 0.09453125 0.059375
2 0.38828125 0.36015625 0.04296875 0.05390625
2 0.965625 0.42421875 0.06640625 0.0734375
2 0.96796875 0.52890625 0.06171875 0.0640625
2 0.81484375 0.3671875 0.07734375 0.040625
2 0.92578125 0.359375 0.0375 0.04140625
2 0.2171875 0.3640625 0.05078125 0.05859375
2 0.43203125 0.3421875 0.04140625 0.04296875
2 0.32421875 0.378125 0.04765625 0.05703125
2 0.2734375 0.32578125 0.05546875 0.05390625
2 0.14609375 0.3359375 0.03984375 0.04453125
2 0.046875 0.3515625 0.0625 0.05546875
2 0.74375 0.33203125 0.05234375 0.046875
2 0.8359375 0.3140625 0.05703125 0.03046875
2 0.8265625 0.346875 0.090625 0.040625
2 0.89921875 0.33125 0.05546875 0.0265625
2 0.98125 0.3453125 0.03515625 0.0484375