2 0.43515625 0.72578125 0.2375 0.1765625
2 0.7234375 0.90859375 0.35625 0.1828125
2 0.12421875 0.77421875 0.20703125 0.140625
2 0.1359375 0.94609375 0.153125 0.1078125
2 0.38359375 0.57890625 0.16015625 0.13046875
2 0.14453125 0.615625 0.12421875 0.18046875
2 0.33359375 0.4765625 0.08359375 0.0859375
2 0.92578125 0.47421875 0.096875 0.1015625
2 0.14140625 0.49765625 0.11640625 0.0484375
2 0.15703125 0.45625 0.096875 0.05390625
2 0.14296875 0.41953125 0.09921875 0.046875
2 0.29375 0.42890625 0.07109375 0.04140625
2 0.2828125 0.390625 0.06171875 0.05
2 0.76328125 0.41875 0.0625 0.0484375
2 0.8703125 0.396875 0.09453125 0.059375
2 0.61171875 0.36015625 0.04296875 0.05390625
2 0.034375 0.42421875 0.06640625 0.0734375
2 0.03203125 0.52890625 0.06171875 0.0640625
2 0.18515625 0.3671875 0.07734375 0.040625
2 0.07421875 0.359375 0.0375 0.04140625
2 0.7828125 0.3640625 0.05078125 0.05859375
2 0.56796875 0.3421875 0.04140625 0.04296875
2 0.67578125 0.378125 0.04765625 0.05703125
2 0.7265625 0.32578125 0.05546875 0.05390625
2 0.85390625 0.3359375 0.03984375 0.04453125
2 0.953125 0.3515625 0.0625 0.05546875
2 0.25625 0.33203125 0.05234375 0.046875
2 0.1640625 0.3140625 0.05703125 0.03046875
2 0.1734375 0.346875 0.090625 0.040625
2 0.10078125 0.33125 0.05546875 0.0265625
2 0.01875 0.3453125 0.03515625 0.0484375