2 0.8578125 0.88359375 0.26875 0.2328125
2 0.33359375 0.88046875 0.6671875 0.2234375
2 0.121875 0.62109375 0.24296875 0.26953125
2 0.4 0.65 0.3375 0.2203125
2 0.5296875 0.4421875 0.35859375 0.2734375
2 0.85 0.5859375 0.296875 0.2546875
2 0.90234375 0.38828125 0.18125 0.1546875
2 0.81171875 0.25703125 0.21328125 0.0890625
2 0.59296875 0.29140625 0.22734375 0.07890625
2 0.58515625 0.225 0.1828125 0.071875
2 0.35703125 0.21796875 0.20234375 0.05703125
2 0.325 0.290625 0.25546875 0.0984375
2 0.2421875 0.41875 0.20078125 0.184375
2 0.0671875 0.37421875 0.134375 0.1859375
2 0.63671875 0.16796875 0.15078125 0.03984375
2 0.75234375 0.1953125 0.14765625 0.04921875
2 0.4484375 0.17421875 0.1578125 0.04140625
2 0.196875 0.21171875 0.1171875 0.05859375
2 0.20234375 0.16328125 0.13125 0.06015625
2 0.3125 0.1703125 0.1171875 0.05703125