2 0.0875 0.8796875 0.175 0.215625
2 0.05 0.6359375 0.1 0.190625
2 0.61484375 0.51171875 0.075 0.10703125
2 0.9578125 0.671875 0.08203125 0.159375
2 0.94921875 0.53046875 0.09921875 0.103125
2 0.5140625 0.48046875 0.10703125 0.103125
2 0.68671875 0.47421875 0.0875 0.09296875
2 0.44296875 0.409375 0.08203125 0.06796875
2 0.96171875 0.46484375 0.07421875 0.0734375
2 0.77265625 0.56796875 0.10234375 0.1
2 0.86953125 0.578125 0.08046875 0.08359375
2 0.88046875 0.43046875 0.07265625 0.06953125
2 0.77421875 0.4890625 0.08828125 0.046875
2 0.8515625 0.503125 0.065625 0.06953125
2 0.80234375 0.43046875 0.08984375 0.06640625
2 0.52734375 0.390625 0.06484375 0.0515625
2 0.71171875 0.38046875 0.06640625 0.04140625
2 0.72890625 0.42421875 0.06484375 0.05390625
2 0.5734375 0.415625 0.059375 0.05
2 0.64296875 0.39296875 0.07265625 0.05546875
2 0.56796875 0.34921875 0.06953125 0.0375
2 0.49609375 0.34765625 0.078125 0.040625
2 0.32578125 0.36328125 0.08046875 0.0515625
2 0.37734375 0.39921875 0.04609375 0.06796875
2 0.40546875 0.35859375 0.05390625 0.0390625
2 0.46328125 0.31796875 0.05390625 0.0359375
2 0.42265625 0.321875 0.028125 0.02890625
2 0.39765625 0.3015625 0.03203125 0.028125
2 0.6859375 0.33515625 0.03046875 0.02890625
2 0.79921875 0.328125 0.03359375 0.0359375
2 0.8140625 0.36171875 0.04296875 0.034375
2 0.92109375 0.36796875 0.03984375 0.03046875
2 0.8828125 0.37734375 0.03671875 0.03203125
2 0.90078125 0.33984375 0.04296875 0.0265625
2 0.83046875 0.33203125 0.0375 0.028125
2 0.95703125 0.35078125 0.04375 0.02890625
2 0.95390625 0.39765625 0.0375 0.040625
2 0.98515625 0.4 0.028125 0.0359375
2 0.98828125 0.365625 0.021875 0.03046875
2 0.71484375 0.30703125 0.01875 0.025
2 0.74140625 0.315625 0.02578125 0.0265625
2 0.7453125 0.34609375 0.04453125 0.0359375
2 0.76640625 0.3171875 0.02265625 0.0234375
2 0.5140625 0.278125 0.02578125 0.025
2 0.38671875 0.33046875 0.03046875 0.028125
2 0.36484375 0.29296875 0.0375 0.0390625
2 0.33203125 0.284375 0.02734375 0.028125
2 0.29921875 0.27734375 0.03515625 0.040625
2 0.26484375 0.27578125 0.025 0.04296875
2 0.29765625 0.31875 0.03515625 0.0375
2 0.33046875 0.315625 0.02734375 0.0359375
2 0.6859375 0.303125 0.034375 0.0265625
2 0.6015625 0.31875 0.03828125 0.0265625
2 0.85078125 0.3640625 0.03046875 0.0390625
2 0.6421875 0.32890625 0.03828125 0.03046875
2 0.6453125 0.3 0.03828125 0.025
2 0.534375 0.29921875 0.04375 0.034375
2 0.59921875 0.28515625 0.04765625 0.034375
2 0.22734375 0.33046875 0.040625 0.0359375
2 0.19765625 0.3171875 0.04453125 0.040625
2 0.23515625 0.265625 0.02265625 0.03046875
2 0.228125 0.29140625 0.03359375 0.028125
2 0.19296875 0.27734375 0.03046875 0.03203125
2 0.2109375 0.25 0.028125 0.025
2 0.18359375 0.2421875 0.028125 0.0265625
2 0.14609375 0.23125 0.03671875 0.03203125
2 0.11484375 0.22890625 0.02421875 0.0359375
2 0.16171875 0.2953125 0.02421875 0.034375
2 0.15859375 0.25703125 0.034375 0.028125
2 0.11953125 0.2734375 0.03125 0.04140625
2 0.08984375 0.2625 0.02265625 0.0390625
2 0.08671875 0.225 0.01796875 0.028125
2 0.06015625 0.22421875 0.021875 0.0234375
2 0.06328125 0.24765625 0.01875 0.03203125
2 0.0265625 0.228125 0.03203125 0.034375
2 0.48984375 0.2703125 0.01640625 0.01796875
2 0.47734375 0.28984375 0.028125 0.02109375
2 0.43984375 0.26171875 0.02265625 0.0125
2 0.4390625 0.28046875 0.034375 0.01953125
2 0.43359375 0.24453125 0.02265625 0.021875
2 0.40859375 0.23671875 0.015625 0.015625
2 0.3875 0.234375 0.02265625 0.01796875
2 0.403125 0.25546875 0.02734375 0.01953125
2 0.39609375 0.27421875 0.03203125 0.0265625
2 0.378125 0.24765625 0.01640625 0.02109375
2 0.36328125 0.26328125 0.028125 0.0234375
2 0.35546875 0.240625 0.021875 0.02109375
2 0.33671875 0.234375 0.02109375 0.021875
2 0.3296875 0.25625 0.02578125 0.0265625
2 0.31171875 0.24140625 0.02265625 0.03046875
2 0.28828125 0.2421875 0.01953125 0.0265625
2 0.265625 0.23671875 0.01875 0.0265625
2 0.86953125 0.30703125 0.03125 0.021875
2 0.83828125 0.303125 0.02578125 0.028125
2 0.89765625 0.2984375 0.034375 0.01953125
2 0.90625 0.315625 0.03984375 0.025
2 0.80390625 0.29921875 0.0375 0.02109375
2 0.7578125 0.290625 0.02421875 0.0265625
2 0.94296875 0.3015625 0.03046875 0.01953125
2 0.9421875 0.32265625 0.03203125 0.0234375
2 0.975 0.30234375 0.01875 0.02109375
2 0.97109375 0.32578125 0.01953125 0.0234375
2 0.70859375 0.2796875 0.034375 0.01796875