2 0.8390625 0.940625 0.05703125 0.075
2 0.74296875 0.89296875 0.0625 0.05859375
2 0.63046875 0.83671875 0.04375 0.059375
2 0.53046875 0.79296875 0.05390625 0.0609375
2 0.40546875 0.94140625 0.05859375 0.078125
2 0.4734375 0.86796875 0.06796875 0.06953125
2 0.18984375 0.8140625 0.06171875 0.071875
2 0.27109375 0.75546875 0.05234375 0.0609375
2 0.18984375 0.71171875 0.065625 0.0515625
2 0.12421875 0.76328125 0.03515625 0.0625
2 0.58046875 0.74296875 0.03515625 0.0390625
2 0.62109375 0.7015625 0.03828125 0.046875
2 0.6671875 0.77265625 0.040625 0.04296875
2 0.88046875 0.79140625 0.04140625 0.04453125
2 0.85234375 0.853125 0.053125 0.046875
2 0.79609375 0.75546875 0.04140625 0.04453125
2 0.82109375 0.7015625 0.03515625 0.0390625
2 0.73671875 0.67421875 0.04140625 0.04296875
2 0.6671875 0.65546875 0.03828125 0.04453125
2 0.44296875 0.6203125 0.03984375 0.0375
2 0.38671875 0.66171875 0.040625 0.0515625
2 0.92734375 0.69921875 0.04453125 0.034375
2 0.03046875 0.6640625 0.05 0.0640625
2 0.37109375 0.59921875 0.03359375 0.034375
2 0.4203125 0.56796875 0.028125 0.04140625
2 0.77109375 0.646875 0.040625 0.03203125
2 0.85234375 0.66171875 0.0375 0.0265625
2 0.6953125 0.61796875 0.03828125 0.03046875
2 0.47734375 0.59140625 0.02734375 0.04140625
2 0.94296875 0.65546875 0.04140625 0.03046875
2 0.88046875 0.628125 0.04609375 0.03359375
2 0.78359375 0.61015625 0.03359375 0.0265625
2 0.72109375 0.58671875 0.03046875 0.040625
2 0.74296875 0.55703125 0.02421875 0.03359375
2 0.80390625 0.56796875 0.02734375 0.03046875
2 0.8296875 0.55546875 0.028125 0.01953125
2 0.89296875 0.59140625 0.025 0.03046875
2 0.51796875 0.55546875 0.03046875 0.03359375
2 0.54609375 0.53046875 0.03359375 0.03359375
2 0.78359375 0.51171875 0.02890625 0.034375
2 0.76484375 0.53515625 0.03046875 0.02890625
2 0.84921875 0.53046875 0.03203125 0.025
2 0.8953125 0.55546875 0.02578125 0.028125
2 0.96484375 0.59296875 0.028125 0.03046875
2 0.9828125 0.56015625 0.03203125 0.0375
2 0.91953125 0.53671875 0.02578125 0.0265625
2 0.93046875 0.48046875 0.02734375 0.028125
2 0.92734375 0.5140625 0.03046875 0.025
2 0.97734375 0.52421875 0.04375 0.0234375
2 0.95 0.453125 0.025 0.021875
2 0.85546875 0.49921875 0.03125 0.0234375
2 0.79609375 0.48359375 0.01796875 0.025
2 0.82109375 0.45859375 0.034375 0.0359375
2 0.84375 0.42890625 0.0375 0.028125
2 0.88984375 0.465625 0.02890625 0.01953125
2 0.8953125 0.43515625 0.028125 0.02109375
2 0.45703125 0.54140625 0.03984375 0.04453125
2 0.3859375 0.52265625 0.03671875 0.034375
2 0.33984375 0.54453125 0.03046875 0.03359375
2 0.29296875 0.578125 0.03203125 0.03359375
2 0.28984375 0.53046875 0.0375 0.0390625
2 0.22421875 0.56171875 0.02734375 0.034375
2 0.16796875 0.59296875 0.03671875 0.03046875
2 0.10859375 0.62421875 0.03671875 0.03203125
2 0.01484375 0.74921875 0.02734375 0.04296875
2 0.02734375 0.84296875 0.04765625 0.075
2 0.10234375 0.890625 0.05 0.075
2 0.0921875 0.684375 0.03828125 0.04296875
2 0.0609375 0.52890625 0.04296875 0.0390625
2 0.01171875 0.53515625 0.02109375 0.0375
2 0.0296875 0.49921875 0.034375 0.040625
2 0.1140625 0.50078125 0.03671875 0.040625
2 0.07734375 0.4828125 0.03671875 0.0375
2 0.0359375 0.453125 0.028125 0.028125
2 0.0125 0.446875 0.025 0.034375
2 0.12890625 0.46015625 0.03984375 0.03203125
2 0.21484375 0.46015625 0.03359375 0.03203125
2 0.17265625 0.44921875 0.02890625 0.034375
2 0.1640625 0.48515625 0.028125 0.03203125
2 0.33671875 0.509375 0.028125 0.02890625
2 0.37109375 0.48046875 0.03125 0.03046875
2 0.4046875 0.46171875 0.021875 0.03203125
2 0.4265625 0.49296875 0.03046875 0.03046875
2 0.44921875 0.47421875 0.02109375 0.0265625
2 0.49375 0.51640625 0.03125 0.03359375
2 0.52734375 0.490625 0.02734375 0.025
2 0.96171875 0.42421875 0.02578125 0.01796875
2 0.57734375 0.50703125 0.04140625 0.0359375
2 0.5609375 0.47421875 0.02421875 0.0265625
2 0.48046875 0.46171875 0.025 0.03203125
2 0.47421875 0.43046875 0.02421875 0.028125
2 0.4421875 0.44921875 0.01953125 0.02890625
2 0.28984375 0.43671875 0.02890625 0.0375
2 0.246875 0.453125 0.025 0.03359375
2 0.25234375 0.42109375 0.02890625 0.025
2 0.21484375 0.434375 0.03359375 0.03203125
2 0.08359375 0.43671875 0.025 0.02109375
2 0.13359375 0.40390625 0.03125 0.03046875
2 0.09609375 0.41640625 0.02578125 0.03359375
2 0.05234375 0.43046875 0.02734375 0.03046875
2 0.02734375 0.38046875 0.021875 0.01953125
2 0.17421875 0.415625 0.025 0.01640625
2 0.21171875 0.38046875 0.02578125 0.025
2 0.1765625 0.38828125 0.028125 0.02890625
2 0.21796875 0.39921875 0.02421875 0.0234375
2 0.24921875 0.37265625 0.02265625 0.02109375
2 0.28359375 0.403125 0.03203125 0.028125
2 0.31484375 0.41796875 0.02890625 0.03046875
2 0.28359375 0.36796875 0.02265625 0.0359375
2 0.34921875 0.39921875 0.02734375 0.04296875
2 0.3796875 0.39140625 0.028125 0.04453125
2 0.4265625 0.35546875 0.021875 0.021875
2 0.43046875 0.378125 0.02109375 0.021875
2 0.40703125 0.38046875 0.01484375 0.03359375
2 0.51484375 0.44296875 0.02734375 0.03046875
2 0.54296875 0.43046875 0.01875 0.01953125
2 0.56796875 0.41640625 0.01875 0.01953125
2 0.60859375 0.4390625 0.03125 0.0359375
2 0.58359375 0.45546875 0.01640625 0.03359375
2 0.60859375 0.48671875 0.02109375 0.0234375
2 0.63125 0.471875 0.03125 0.040625
2 0.8765625 0.403125 0.03046875 0.02109375
2 0.64921875 0.446875 0.02109375 0.02890625
2 0.6328125 0.42421875 0.021875 0.02890625
2 0.58984375 0.40546875 0.02109375 0.03359375
2 0.4578125 0.36640625 0.02578125 0.021875
2 0.67265625 0.43515625 0.02890625 0.03203125
2 0.69609375 0.41796875 0.021875 0.028125
2 0.6546875 0.41015625 0.02421875 0.034375
2 0.61171875 0.3890625 0.02421875 0.028125
2 0.31484375 0.63828125 0.04140625 0.0375
2 0.26953125 0.678125 0.04140625 0.03359375
2 0.70546875 0.734375 0.03984375 0.034375
2 0.765625 0.81171875 0.03125 0.03203125
2 0.5171875 0.98359375 0.040625 0.0328125
2 0.68984375 0.97421875 0.03984375 0.040625
2 0.06796875 0.36484375 0.02890625 0.03203125
2 0.3421875 0.36171875 0.021875 0.0234375
2 0.3421875 0.34296875 0.02421875 0.025
2 0.31484375 0.35390625 0.02109375 0.01953125
2 0.31484375 0.375 0.021875 0.025
2 0.37109375 0.34296875 0.01953125 0.03046875
2 0.39609375 0.33515625 0.02265625 0.034375
2 0.68984375 0.38515625 0.01953125 0.02109375
2 0.64921875 0.371875 0.01640625 0.01796875
2 0.6125 0.3578125 0.025 0.0234375
2 0.7140625 0.39921875 0.021875 0.01796875
2 0.7328125 0.38671875 0.01796875 0.03203125
2 0.66484375 0.33203125 0.02265625 0.028125
2 0.64765625 0.33828125 0.02109375 0.0234375
2 0.70859375 0.37265625 0.01484375 0.0234375
2 0.44140625 0.31015625 0.01953125 0.02109375
2 0.7609375 0.3671875 0.01796875 0.01796875
2 0.73046875 0.3609375 0.01875 0.0140625
2 0.69765625 0.33671875 0.01796875 0.01796875
2 0.73125 0.29375 0.01875 0.01796875
2 0.734375 0.31875 0.01015625 0.015625
2 0.71328125 0.30390625 0.0125 0.021875
2 0.69296875 0.31875 0.015625 0.0125
2 0.71875 0.328125 0.01484375 0.01640625
2 0.74921875 0.346875 0.0125 0.015625
2 0.778125 0.35625 0.01484375 0.02109375
2 0.92265625 0.42265625 0.015625 0.015625
2 0.79921875 0.34140625 0.01953125 0.01640625
2 0.7703125 0.33203125 0.015625 0.01640625
2 0.46953125 0.33828125 0.0125 0.01796875
2 0.44609375 0.346875 0.0125 0.02109375
2 0.478125 0.3578125 0.01484375 0.01796875
2 0.49375 0.3515625 0.01484375 0.0140625
2 0.48671875 0.334375 0.015625 0.0140625
2 0.925 0.403125 0.01484375 0.01640625
2 0.96953125 0.41015625 0.01328125 0.015625
2 0.8984375 0.371875 0.015625 0.0125
2 0.88984375 0.3875 0.021875 0.01640625
2 0.74921875 0.28203125 0.015625 0.01640625
2 0.7453125 0.31171875 0.01171875 0.01796875
2 0.7578125 0.30234375 0.015625 0.01796875
2 0.78984375 0.31796875 0.01875 0.01953125
2 0.81484375 0.33046875 0.01484375 0.0140625
2 0.93046875 0.390625 0.01953125 0.015625
2 0.9421875 0.38046875 0.01796875 0.01640625
2 0.97578125 0.39609375 0.01875 0.0140625
2 0.46328125 0.30234375 0.015625 0.015625
2 0.4703125 0.3203125 0.009375 0.015625
2 0.30078125 0.31484375 0.01953125 0.02109375
2 0.27578125 0.2859375 0.02265625 0.021875
2 0.27578125 0.30390625 0.015625 0.01640625
2 0.27421875 0.32265625 0.01484375 0.01796875
2 0.30078125 0.27734375 0.02109375 0.01796875
2 0.30390625 0.296875 0.01640625 0.01796875
2 0.3203125 0.27265625 0.015625 0.01796875
2 0.325 0.29140625 0.01640625 0.01640625
2 0.32734375 0.3078125 0.01875 0.015625
2 0.34453125 0.29765625 0.01640625 0.015625
2 0.34375 0.26953125 0.01484375 0.01953125
2 0.48203125 0.29765625 0.015625 0.015625
2 0.50703125 0.32265625 0.01875 0.0125
2 0.5265625 0.31875 0.01328125 0.0125
2 0.53125 0.33828125 0.01875 0.02109375
2 0.50546875 0.3078125 0.0125 0.015625
2 0.49609375 0.2921875 0.01015625 0.015625
2 0.38828125 0.28515625 0.0125 0.01796875
2 0.3796875 0.26015625 0.01328125 0.01796875
2 0.36171875 0.26640625 0.0125 0.01640625
2 0.36484375 0.28828125 0.015625 0.02109375
2 0.40703125 0.28046875 0.0125 0.021875
2 0.80234375 0.30703125 0.01328125 0.0109375
2 0.909375 0.36328125 0.01640625 0.0125
2 0.9171875 0.353125 0.01796875 0.0140625
2 0.98515625 0.3859375 0.01171875 0.0109375
2 0.99140625 0.3625 0.015625 0.0140625
2 0.9890625 0.37421875 0.01171875 0.0125
2 0.9625 0.33828125 0.01484375 0.0125
2 0.9671875 0.3515625 0.01328125 0.0109375
2 0.95703125 0.3609375 0.01484375 0.0140625
2 0.93515625 0.3265625 0.01953125 0.0140625
2 0.934375 0.33984375 0.01640625 0.0125
2 0.94609375 0.31484375 0.01953125 0.0125
2 0.98125 0.32265625 0.01484375 0.0125
2 0.95546875 0.3015625 0.015625 0.0140625
2 0.96328125 0.28984375 0.01484375 0.0125
2 0.97734375 0.278125 0.01640625 0.0109375
2 0.9828125 0.309375 0.01796875 0.0125
2 0.97265625 0.334375 0.01015625 0.015625
2 0.99609375 0.2875 0.00546875 0.01640625
2 0.98359375 0.26328125 0.01640625 0.009375
2 0.98984375 0.2515625 0.01796875 0.0109375
2 0.76640625 0.27578125 0.01640625 0.01796875
2 0.77109375 0.29609375 0.01796875 0.01953125
2 0.78359375 0.28515625 0.01328125 0.015625
2 0.79609375 0.28125 0.01015625 0.015625
2 0.78046875 0.26875 0.01171875 0.015625
2 0.81640625 0.303125 0.01328125 0.0125
2 0.82734375 0.31875 0.01484375 0.0125
2 0.8375 0.309375 0.0125 0.01640625
2 0.83046875 0.29375 0.01640625 0.015625
2 0.84296875 0.28515625 0.01328125 0.015625
2 0.85546875 0.275 0.01328125 0.01640625
2 0.84921875 0.30859375 0.0125 0.01953125
2 0.86171875 0.3 0.01484375 0.01953125
2 0.87265625 0.2890625 0.009375 0.01953125
2 0.81015625 0.27421875 0.01484375 0.01796875
2 0.88203125 0.28359375 0.01171875 0.0140625
2 0.89140625 0.27578125 0.0125 0.015625
2 0.90546875 0.26328125 0.015625 0.01796875
2 0.91953125 0.25 0.01015625 0.01640625
2 0.934375 0.23671875 0.0125 0.01796875
2 0.94921875 0.2265625 0.0125 0.0140625
2 0.96328125 0.2140625 0.01328125 0.01640625
2 0.97734375 0.196875 0.01484375 0.01640625
2 0.87421875 0.26015625 0.015625 0.015625
2 0.89140625 0.24921875 0.015625 0.0125
2 0.9078125 0.2390625 0.01796875 0.0140625
2 0.92421875 0.22734375 0.01484375 0.015625
2 0.93671875 0.21328125 0.01328125 0.015625
2 0.94921875 0.20390625 0.01328125 0.0140625
2 0.959375 0.1921875 0.01484375 0.0125
2 0.79609375 0.2609375 0.01484375 0.0140625
2 0.81015625 0.25390625 0.01328125 0.0140625
2 0.82734375 0.2421875 0.01796875 0.015625
2 0.84140625 0.253125 0.02109375 0.01640625
2 0.859375 0.240625 0.01640625 0.0140625
2 0.865625 0.2203125 0.01875 0.0125
2 0.8796875 0.2125 0.01171875 0.0109375
2 0.88359375 0.22734375 0.015625 0.015625
2 0.89609375 0.21796875 0.01171875 0.0140625
2 0.909375 0.2109375 0.0125 0.0109375
2 0.90234375 0.2 0.015625 0.0109375
2 0.91796875 0.190625 0.01640625 0.00859375
2 0.92265625 0.20078125 0.0125 0.0125
2 0.56796875 0.32109375 0.0125 0.01953125
2 0.540625 0.31171875 0.01484375 0.015625
2 0.55 0.328125 0.0125 0.01640625
2 0.52421875 0.2984375 0.0125 0.0140625
2 0.53828125 0.29296875 0.01484375 0.0140625
2 0.55390625 0.30859375 0.01640625 0.0140625