2 0.228125 0.81171875 0.16640625 0.22578125
2 0.42890625 0.87421875 0.23046875 0.2515625
2 0.38828125 0.6484375 0.1375 0.16171875
2 0.709375 0.853125 0.178125 0.21171875
2 0.91484375 0.78828125 0.1703125 0.1890625
2 0.5171875 0.575 0.096875 0.07265625
2 0.4515625 0.49609375 0.10625 0.0921875
2 0.25703125 0.49921875 0.1171875 0.121875
2 0.259375 0.61640625 0.10859375 0.13984375
2 0.36328125 0.49296875 0.08046875 0.11171875
2 0.93359375 0.57890625 0.1328125 0.10703125
2 0.63515625 0.5625 0.078125 0.06640625
2 0.7984375 0.57890625 0.134375 0.09453125
2 0.7609375 0.68984375 0.15078125 0.1078125
2 0.5859375 0.48359375 0.11796875 0.096875
2 0.69453125 0.49921875 0.09921875 0.09453125
2 0.82265625 0.490625 0.10859375 0.10234375
2 0.95078125 0.48203125 0.0984375 0.07265625
2 0.446875 0.3921875 0.109375 0.0703125
2 0.259375 0.36015625 0.05859375 0.0703125
2 0.54765625 0.68203125 0.10078125 0.07890625
2 0.58046875 0.74609375 0.09296875 0.14609375
2 0.63046875 0.634375 0.090625 0.08671875
2 0.80234375 0.4265625 0.09375 0.04921875
2 0.59375 0.40859375 0.06171875 0.0796875
2 0.328125 0.3875 0.0578125 0.06953125
2 0.2828125 0.42109375 0.10625 0.0640625