2 0.5390625 0.83671875 0.09453125 0.10703125
2 0.40234375 0.77421875 0.06015625 0.084375
2 0.24296875 0.73046875 0.05078125 0.0859375
2 0.16796875 0.67890625 0.06328125 0.06640625
2 0.1453125 0.79140625 0.084375 0.08046875
2 0.50546875 0.696875 0.04140625 0.04296875
2 0.6359375 0.74921875 0.059375 0.0625
2 0.70234375 0.69140625 0.05625 0.05859375
2 0.46171875 0.60859375 0.05 0.0609375
2 0.66640625 0.60546875 0.07265625 0.05859375
2 0.7609375 0.64296875 0.04296875 0.04453125
2 0.58671875 0.53671875 0.04453125 0.04296875
2 0.08984375 0.53671875 0.02890625 0.04296875
2 0.24765625 0.48046875 0.05234375 0.0390625
2 0.17734375 0.50546875 0.04765625 0.03359375
2 0.80703125 0.60546875 0.03515625 0.03046875
2 0.71171875 0.56015625 0.03359375 0.02890625
2 0.59765625 0.46953125 0.03515625 0.0359375
2 0.50859375 0.51171875 0.03359375 0.034375
2 0.44921875 0.54296875 0.040625 0.03359375
2 0.37109375 0.58046875 0.04609375 0.04453125
2 0.29921875 0.61328125 0.06484375 0.05703125
2 0.32109375 0.45546875 0.04453125 0.04140625
2 0.37734375 0.44296875 0.04140625 0.03359375
2 0.42109375 0.94609375 0.075 0.0890625
2 0.8703125 0.540625 0.053125 0.0375
2 0.82578125 0.56796875 0.04453125 0.03359375
2 0.73828125 0.52265625 0.03203125 0.03203125
2 0.77421875 0.49609375 0.03515625 0.03359375
2 0.8796875 0.49765625 0.053125 0.03203125
2 0.82265625 0.44921875 0.02578125 0.034375
2 0.8015625 0.48046875 0.03046875 0.0359375
2 0.70546875 0.45703125 0.04140625 0.046875
2 0.6828125 0.48984375 0.03828125 0.02890625
2 0.63671875 0.51484375 0.03359375 0.034375
2 0.63359375 0.45390625 0.02890625 0.03046875
2 0.66953125 0.42734375 0.02890625 0.034375
2 0.76484375 0.43046875 0.03515625 0.021875
2 0.41953125 0.39296875 0.03203125 0.03046875
2 0.37734375 0.41328125 0.03046875 0.03203125
2 0.26640625 0.4453125 0.03515625 0.034375
2 0.32734375 0.42421875 0.03203125 0.03203125
2 0.19765625 0.46015625 0.04921875 0.04296875
2 0.12734375 0.484375 0.06015625 0.0390625
2 0.02109375 0.88203125 0.03984375 0.0609375
2 0.22890625 0.41171875 0.02890625 0.03203125
2 0.12109375 0.41640625 0.04375 0.01953125
2 0.1109375 0.44140625 0.046875 0.03046875
2 0.05078125 0.428125 0.05234375 0.03046875
2 0.03671875 0.46171875 0.03359375 0.03203125
2 0.29609375 0.40234375 0.03359375 0.0234375
2 0.84921875 0.43828125 0.03203125 0.01796875
2 0.89296875 0.4765625 0.04609375 0.025
2 0.9109375 0.46015625 0.046875 0.02109375
2 0.93984375 0.44296875 0.02890625 0.021875
2 0.7890625 0.41171875 0.028125 0.0234375
2 0.70078125 0.41953125 0.02890625 0.025
2 0.4265625 0.42890625 0.034375 0.028125
2 0.34609375 0.390625 0.028125 0.028125
2 0.42109375 0.35234375 0.02265625 0.015625
2 0.42421875 0.3703125 0.02265625 0.0265625
2 0.44921875 0.34765625 0.01953125 0.0234375
2 0.17421875 0.353125 0.03046875 0.0265625
2 0.20546875 0.31796875 0.025 0.028125
2 0.17109375 0.31640625 0.01640625 0.01953125
2 0.21171875 0.28671875 0.02265625 0.02109375
2 0.18359375 0.42421875 0.025 0.01796875
2 0.38046875 0.36328125 0.02421875 0.02109375
2 0.04609375 0.35546875 0.028125 0.025
2 0.0140625 0.38125 0.028125 0.034375
2 0.07109375 0.37578125 0.02890625 0.01796875
2 0.12109375 0.36640625 0.02578125 0.021875
2 0.12734375 0.32421875 0.02265625 0.02109375
2 0.1546875 0.33203125 0.02578125 0.01953125
2 0.01953125 0.30546875 0.03203125 0.025
2 0.009375 0.2828125 0.01875 0.0234375
2 0.2890625 0.340625 0.02421875 0.01953125
2 0.23359375 0.315625 0.025 0.025
2 0.46015625 0.38515625 0.02734375 0.02890625
2 0.87734375 0.40234375 0.01875 0.0234375
2 0.8328125 0.39296875 0.021875 0.01640625
2 0.21171875 0.34765625 0.01875 0.02890625
2 0.59453125 0.6375 0.03671875 0.04140625