2 0.5859375 0.7765625 0.1515625 0.17890625
2 0.44140625 0.7125 0.11953125 0.15078125
2 0.23515625 0.62890625 0.17265625 0.13515625
2 0.753125 0.53515625 0.12109375 0.11796875
2 0.253125 0.40703125 0.1203125 0.125
2 0.396875 0.43125 0.13046875 0.16875
2 0.53359375 0.45390625 0.11171875 0.16015625
2 0.29609375 0.7421875 0.20078125 0.16484375
2 0.1328125 0.91015625 0.265625 0.1796875
2 0.85078125 0.38828125 0.08359375 0.09765625
2 0.84296875 0.2859375 0.07421875 0.075
2 0.08046875 0.53515625 0.15234375 0.11796875
2 0.065625 0.67421875 0.1203125 0.1328125
2 0.11640625 0.38125 0.10625 0.10234375
2 0.64296875 0.503125 0.090625 0.15234375
2 0.6421875 0.50078125 0.090625 0.15234375
2 0.6875 0.93984375 0.15859375 0.1203125
2 0.43125 0.27421875 0.07734375 0.065625
2 0.02734375 0.3828125 0.053125 0.09453125
2 0.73203125 0.2859375 0.0921875 0.10078125
2 0.72734375 0.19453125 0.0828125 0.0765625
2 0.23671875 0.2703125 0.05625 0.06484375
2 0.27890625 0.21640625 0.05390625 0.0453125
2 0.3078125 0.27109375 0.05625 0.07421875
2 0.3671875 0.228125 0.05234375 0.03828125
2 0.35703125 0.27265625 0.046875 0.05625
2 0.40859375 0.19140625 0.0359375 0.05078125
2 0.54375 0.27421875 0.06796875 0.065625
2 0.50546875 0.246875 0.065625 0.0546875
2 0.59453125 0.23125 0.0734375 0.046875
2 0.6609375 0.28125 0.04921875 0.06875
2 0.609375 0.278125 0.05546875 0.06640625
2 0.03828125 0.2765625 0.05078125 0.0640625
2 0.77109375 0.4390625 0.16484375 0.0703125
2 0.06796875 0.80078125 0.13515625 0.16015625
2 0.5453125 0.18359375 0.0453125 0.0625