2 0.771875 0.81171875 0.16640625 0.22578125
2 0.57109375 0.87421875 0.23046875 0.2515625
2 0.61171875 0.6484375 0.1375 0.16171875
2 0.290625 0.853125 0.178125 0.21171875
2 0.08515625 0.78828125 0.1703125 0.1890625
2 0.4828125 0.575 0.096875 0.07265625
2 0.5484375 0.49609375 0.10625 0.0921875
2 0.74296875 0.49921875 0.1171875 0.121875
2 0.740625 0.61640625 0.10859375 0.13984375
2 0.63671875 0.49296875 0.08046875 0.11171875
2 0.06640625 0.57890625 0.1328125 0.10703125
2 0.36484375 0.5625 0.078125 0.06640625
2 0.2015625 0.57890625 0.134375 0.09453125
2 0.2390625 0.68984375 0.15078125 0.1078125
2 0.4140625 0.48359375 0.11796875 0.096875
2 0.30546875 0.49921875 0.09921875 0.09453125
2 0.17734375 0.490625 0.10859375 0.10234375
2 0.04921875 0.48203125 0.0984375 0.07265625
2 0.553125 0.3921875 0.109375 0.0703125
2 0.740625 0.36015625 0.05859375 0.0703125
2 0.45234375 0.68203125 0.10078125 0.07890625
2 0.41953125 0.74609375 0.09296875 0.14609375
2 0.36953125 0.634375 0.090625 0.08671875
2 0.19765625 0.4265625 0.09375 0.04921875
2 0.40625 0.40859375 0.06171875 0.0796875
2 0.671875 0.3875 0.0578125 0.06953125
2 0.7171875 0.42109375 0.10625 0.0640625