2 0.44453125 0.46171875 0.1984375 0.2203125
2 0.0921875 0.79296875 0.18359375 0.35390625
2 0.5171875 0.87578125 0.21953125 0.24609375
2 0.3640625 0.71015625 0.24609375 0.2671875
2 0.73359375 0.73203125 0.17578125 0.23203125
2 0.95625 0.753125 0.08515625 0.2109375
2 0.7078125 0.43828125 0.15859375 0.18515625
2 0.59453125 0.3515625 0.11875 0.17109375
2 0.06640625 0.44375 0.13046875 0.2203125
2 0.19921875 0.44375 0.1421875 0.17109375
2 0.325 0.375 0.1125 0.1546875
2 0.9359375 0.40859375 0.1265625 0.16875
2 0.19921875 0.2765625 0.1234375 0.12578125
2 0.7390625 0.2625 0.1265625 0.13671875
2 0.9390625 0.2578125 0.11953125 0.1546875
2 0.5765625 0.15546875 0.08046875 0.07109375
2 0.60546875 0.22890625 0.134375 0.07890625
2 0.9453125 0.13125 0.08359375 0.0921875
2 0.29453125 0.1703125 0.071875 0.115625
2 0.05859375 0.284375 0.1171875 0.0953125
2 0.5 0.15625 0.05625 0.103125
2 0.4921875 0.2734375 0.08515625 0.1125
2 0.41875 0.22421875 0.084375 0.09375
2 0.36640625 0.15703125 0.06953125 0.08359375
2 0.3375 0.2546875 0.06875 0.08515625
2 0.45625 0.103125 0.05234375 0.08828125
2 0.678125 0.14765625 0.08125 0.08359375
2 0.61875 0.0734375 0.0671875 0.0625
2 0.54765625 0.08984375 0.06015625 0.0640625
2 0.371875 0.05625 0.07890625 0.09140625
2 0.77578125 0.1625 0.0703125 0.07578125
2 0.28046875 0.0828125 0.0609375 0.0625
2 0.04140625 0.1015625 0.0671875 0.07265625
2 0.10546875 0.09609375 0.05390625 0.07109375
2 0.0265625 0.20859375 0.053125 0.07421875
2 0.10078125 0.19609375 0.07578125 0.096875
2 0.16875 0.10390625 0.08359375 0.1015625
2 0.228125 0.13046875 0.053125 0.12421875