2 0.1609375 0.940625 0.05703125 0.075
2 0.25703125 0.89296875 0.0625 0.05859375
2 0.36953125 0.83671875 0.04375 0.059375
2 0.46953125 0.79296875 0.05390625 0.0609375
2 0.59453125 0.94140625 0.05859375 0.078125
2 0.5265625 0.86796875 0.06796875 0.06953125
2 0.81015625 0.8140625 0.06171875 0.071875
2 0.72890625 0.75546875 0.05234375 0.0609375
2 0.81015625 0.71171875 0.065625 0.0515625
2 0.87578125 0.76328125 0.03515625 0.0625
2 0.41953125 0.74296875 0.03515625 0.0390625
2 0.37890625 0.7015625 0.03828125 0.046875
2 0.3328125 0.77265625 0.040625 0.04296875
2 0.11953125 0.79140625 0.04140625 0.04453125
2 0.14765625 0.853125 0.053125 0.046875
2 0.20390625 0.75546875 0.04140625 0.04453125
2 0.17890625 0.7015625 0.03515625 0.0390625
2 0.26328125 0.67421875 0.04140625 0.04296875
2 0.3328125 0.65546875 0.03828125 0.04453125
2 0.55703125 0.6203125 0.03984375 0.0375
2 0.61328125 0.66171875 0.040625 0.0515625
2 0.07265625 0.69921875 0.04453125 0.034375
2 0.96953125 0.6640625 0.05 0.0640625
2 0.62890625 0.59921875 0.03359375 0.034375
2 0.5796875 0.56796875 0.028125 0.04140625
2 0.22890625 0.646875 0.040625 0.03203125
2 0.14765625 0.66171875 0.0375 0.0265625
2 0.3046875 0.61796875 0.03828125 0.03046875
2 0.52265625 0.59140625 0.02734375 0.04140625
2 0.05703125 0.65546875 0.04140625 0.03046875
2 0.11953125 0.628125 0.04609375 0.03359375
2 0.21640625 0.61015625 0.03359375 0.0265625
2 0.27890625 0.58671875 0.03046875 0.040625
2 0.25703125 0.55703125 0.02421875 0.03359375
2 0.19609375 0.56796875 0.02734375 0.03046875
2 0.1703125 0.55546875 0.028125 0.01953125
2 0.10703125 0.59140625 0.025 0.03046875
2 0.48203125 0.55546875 0.03046875 0.03359375
2 0.45390625 0.53046875 0.03359375 0.03359375
2 0.21640625 0.51171875 0.02890625 0.034375
2 0.23515625 0.53515625 0.03046875 0.02890625
2 0.15078125 0.53046875 0.03203125 0.025
2 0.1046875 0.55546875 0.02578125 0.028125
2 0.03515625 0.59296875 0.028125 0.03046875
2 0.0171875 0.56015625 0.03203125 0.0375
2 0.08046875 0.53671875 0.02578125 0.0265625
2 0.06953125 0.48046875 0.02734375 0.028125
2 0.07265625 0.5140625 0.03046875 0.025
2 0.02265625 0.52421875 0.04375 0.0234375
2 0.05 0.453125 0.025 0.021875
2 0.14453125 0.49921875 0.03125 0.0234375
2 0.20390625 0.48359375 0.01796875 0.025
2 0.17890625 0.45859375 0.034375 0.0359375
2 0.15625 0.42890625 0.0375 0.028125
2 0.11015625 0.465625 0.02890625 0.01953125
2 0.1046875 0.43515625 0.028125 0.02109375
2 0.54296875 0.54140625 0.03984375 0.04453125
2 0.6140625 0.52265625 0.03671875 0.034375
2 0.66015625 0.54453125 0.03046875 0.03359375
2 0.70703125 0.578125 0.03203125 0.03359375
2 0.71015625 0.53046875 0.0375 0.0390625
2 0.77578125 0.56171875 0.02734375 0.034375
2 0.83203125 0.59296875 0.03671875 0.03046875
2 0.89140625 0.62421875 0.03671875 0.03203125
2 0.98515625 0.74921875 0.02734375 0.04296875
2 0.97265625 0.84296875 0.04765625 0.075
2 0.89765625 0.890625 0.05 0.075
2 0.9078125 0.684375 0.03828125 0.04296875
2 0.9390625 0.52890625 0.04296875 0.0390625
2 0.98828125 0.53515625 0.02109375 0.0375
2 0.9703125 0.49921875 0.034375 0.040625
2 0.8859375 0.50078125 0.03671875 0.040625
2 0.92265625 0.4828125 0.03671875 0.0375
2 0.9640625 0.453125 0.028125 0.028125
2 0.9875 0.446875 0.025 0.034375
2 0.87109375 0.46015625 0.03984375 0.03203125
2 0.78515625 0.46015625 0.03359375 0.03203125
2 0.82734375 0.44921875 0.02890625 0.034375
2 0.8359375 0.48515625 0.028125 0.03203125
2 0.66328125 0.509375 0.028125 0.02890625
2 0.62890625 0.48046875 0.03125 0.03046875
2 0.5953125 0.46171875 0.021875 0.03203125
2 0.5734375 0.49296875 0.03046875 0.03046875
2 0.55078125 0.47421875 0.02109375 0.0265625
2 0.50625 0.51640625 0.03125 0.03359375
2 0.47265625 0.490625 0.02734375 0.025
2 0.03828125 0.42421875 0.02578125 0.01796875
2 0.42265625 0.50703125 0.04140625 0.0359375
2 0.4390625 0.47421875 0.02421875 0.0265625
2 0.51953125 0.46171875 0.025 0.03203125
2 0.52578125 0.43046875 0.02421875 0.028125
2 0.5578125 0.44921875 0.01953125 0.02890625
2 0.71015625 0.43671875 0.02890625 0.0375
2 0.753125 0.453125 0.025 0.03359375
2 0.74765625 0.42109375 0.02890625 0.025
2 0.78515625 0.434375 0.03359375 0.03203125
2 0.91640625 0.43671875 0.025 0.02109375
2 0.86640625 0.40390625 0.03125 0.03046875
2 0.90390625 0.41640625 0.02578125 0.03359375
2 0.94765625 0.43046875 0.02734375 0.03046875
2 0.97265625 0.38046875 0.021875 0.01953125
2 0.82578125 0.415625 0.025 0.01640625
2 0.78828125 0.38046875 0.02578125 0.025
2 0.8234375 0.38828125 0.028125 0.02890625
2 0.78203125 0.39921875 0.02421875 0.0234375
2 0.75078125 0.37265625 0.02265625 0.02109375
2 0.71640625 0.403125 0.03203125 0.028125
2 0.68515625 0.41796875 0.02890625 0.03046875
2 0.71640625 0.36796875 0.02265625 0.0359375
2 0.65078125 0.39921875 0.02734375 0.04296875
2 0.6203125 0.39140625 0.028125 0.04453125
2 0.5734375 0.35546875 0.021875 0.021875
2 0.56953125 0.378125 0.02109375 0.021875
2 0.59296875 0.38046875 0.01484375 0.03359375
2 0.48515625 0.44296875 0.02734375 0.03046875
2 0.45703125 0.43046875 0.01875 0.01953125
2 0.43203125 0.41640625 0.01875 0.01953125
2 0.39140625 0.4390625 0.03125 0.0359375
2 0.41640625 0.45546875 0.01640625 0.03359375
2 0.39140625 0.48671875 0.02109375 0.0234375
2 0.36875 0.471875 0.03125 0.040625
2 0.1234375 0.403125 0.03046875 0.02109375
2 0.35078125 0.446875 0.02109375 0.02890625
2 0.3671875 0.42421875 0.021875 0.02890625
2 0.41015625 0.40546875 0.02109375 0.03359375
2 0.5421875 0.36640625 0.02578125 0.021875
2 0.32734375 0.43515625 0.02890625 0.03203125
2 0.30390625 0.41796875 0.021875 0.028125
2 0.3453125 0.41015625 0.02421875 0.034375
2 0.38828125 0.3890625 0.02421875 0.028125
2 0.68515625 0.63828125 0.04140625 0.0375
2 0.73046875 0.678125 0.04140625 0.03359375
2 0.29453125 0.734375 0.03984375 0.034375
2 0.234375 0.81171875 0.03125 0.03203125
2 0.4828125 0.98359375 0.040625 0.0328125
2 0.31015625 0.97421875 0.03984375 0.040625
2 0.93203125 0.36484375 0.02890625 0.03203125
2 0.6578125 0.36171875 0.021875 0.0234375
2 0.6578125 0.34296875 0.02421875 0.025
2 0.68515625 0.35390625 0.02109375 0.01953125
2 0.68515625 0.375 0.021875 0.025
2 0.62890625 0.34296875 0.01953125 0.03046875
2 0.60390625 0.33515625 0.02265625 0.034375
2 0.31015625 0.38515625 0.01953125 0.02109375
2 0.35078125 0.371875 0.01640625 0.01796875
2 0.3875 0.3578125 0.025 0.0234375
2 0.2859375 0.39921875 0.021875 0.01796875
2 0.2671875 0.38671875 0.01796875 0.03203125
2 0.33515625 0.33203125 0.02265625 0.028125
2 0.35234375 0.33828125 0.02109375 0.0234375
2 0.29140625 0.37265625 0.01484375 0.0234375
2 0.55859375 0.31015625 0.01953125 0.02109375
2 0.2390625 0.3671875 0.01796875 0.01796875
2 0.26953125 0.3609375 0.01875 0.0140625
2 0.30234375 0.33671875 0.01796875 0.01796875
2 0.26875 0.29375 0.01875 0.01796875
2 0.265625 0.31875 0.01015625 0.015625
2 0.28671875 0.30390625 0.0125 0.021875
2 0.30703125 0.31875 0.015625 0.0125
2 0.28125 0.328125 0.01484375 0.01640625
2 0.25078125 0.346875 0.0125 0.015625
2 0.221875 0.35625 0.01484375 0.02109375
2 0.07734375 0.42265625 0.015625 0.015625
2 0.20078125 0.34140625 0.01953125 0.01640625
2 0.2296875 0.33203125 0.015625 0.01640625
2 0.53046875 0.33828125 0.0125 0.01796875
2 0.55390625 0.346875 0.0125 0.02109375
2 0.521875 0.3578125 0.01484375 0.01796875
2 0.50625 0.3515625 0.01484375 0.0140625
2 0.51328125 0.334375 0.015625 0.0140625
2 0.075 0.403125 0.01484375 0.01640625
2 0.03046875 0.41015625 0.01328125 0.015625
2 0.1015625 0.371875 0.015625 0.0125
2 0.11015625 0.3875 0.021875 0.01640625
2 0.25078125 0.28203125 0.015625 0.01640625
2 0.2546875 0.31171875 0.01171875 0.01796875
2 0.2421875 0.30234375 0.015625 0.01796875
2 0.21015625 0.31796875 0.01875 0.01953125
2 0.18515625 0.33046875 0.01484375 0.0140625
2 0.06953125 0.390625 0.01953125 0.015625
2 0.0578125 0.38046875 0.01796875 0.01640625
2 0.02421875 0.39609375 0.01875 0.0140625
2 0.53671875 0.30234375 0.015625 0.015625
2 0.5296875 0.3203125 0.009375 0.015625
2 0.69921875 0.31484375 0.01953125 0.02109375
2 0.72421875 0.2859375 0.02265625 0.021875
2 0.72421875 0.30390625 0.015625 0.01640625
2 0.72578125 0.32265625 0.01484375 0.01796875
2 0.69921875 0.27734375 0.02109375 0.01796875
2 0.69609375 0.296875 0.01640625 0.01796875
2 0.6796875 0.27265625 0.015625 0.01796875
2 0.675 0.29140625 0.01640625 0.01640625
2 0.67265625 0.3078125 0.01875 0.015625
2 0.65546875 0.29765625 0.01640625 0.015625
2 0.65625 0.26953125 0.01484375 0.01953125
2 0.51796875 0.29765625 0.015625 0.015625
2 0.49296875 0.32265625 0.01875 0.0125
2 0.4734375 0.31875 0.01328125 0.0125
2 0.46875 0.33828125 0.01875 0.02109375
2 0.49453125 0.3078125 0.0125 0.015625
2 0.50390625 0.2921875 0.01015625 0.015625
2 0.61171875 0.28515625 0.0125 0.01796875
2 0.6203125 0.26015625 0.01328125 0.01796875
2 0.63828125 0.26640625 0.0125 0.01640625
2 0.63515625 0.28828125 0.015625 0.02109375
2 0.59296875 0.28046875 0.0125 0.021875
2 0.19765625 0.30703125 0.01328125 0.0109375
2 0.090625 0.36328125 0.01640625 0.0125
2 0.0828125 0.353125 0.01796875 0.0140625
2 0.01484375 0.3859375 0.01171875 0.0109375
2 0.00859375 0.3625 0.015625 0.0140625
2 0.0109375 0.37421875 0.01171875 0.0125
2 0.0375 0.33828125 0.01484375 0.0125
2 0.0328125 0.3515625 0.01328125 0.0109375
2 0.04296875 0.3609375 0.01484375 0.0140625
2 0.06484375 0.3265625 0.01953125 0.0140625
2 0.065625 0.33984375 0.01640625 0.0125
2 0.05390625 0.31484375 0.01953125 0.0125
2 0.01875 0.32265625 0.01484375 0.0125
2 0.04453125 0.3015625 0.015625 0.0140625
2 0.03671875 0.28984375 0.01484375 0.0125
2 0.02265625 0.278125 0.01640625 0.0109375
2 0.0171875 0.309375 0.01796875 0.0125
2 0.02734375 0.334375 0.01015625 0.015625
2 0.00390625 0.2875 0.00546875 0.01640625
2 0.01640625 0.26328125 0.01640625 0.009375
2 0.01015625 0.2515625 0.01796875 0.0109375
2 0.23359375 0.27578125 0.01640625 0.01796875
2 0.22890625 0.29609375 0.01796875 0.01953125
2 0.21640625 0.28515625 0.01328125 0.015625
2 0.20390625 0.28125 0.01015625 0.015625
2 0.21953125 0.26875 0.01171875 0.015625
2 0.18359375 0.303125 0.01328125 0.0125
2 0.17265625 0.31875 0.01484375 0.0125
2 0.1625 0.309375 0.0125 0.01640625
2 0.16953125 0.29375 0.01640625 0.015625
2 0.15703125 0.28515625 0.01328125 0.015625
2 0.14453125 0.275 0.01328125 0.01640625
2 0.15078125 0.30859375 0.0125 0.01953125
2 0.13828125 0.3 0.01484375 0.01953125
2 0.12734375 0.2890625 0.009375 0.01953125
2 0.18984375 0.27421875 0.01484375 0.01796875
2 0.11796875 0.28359375 0.01171875 0.0140625
2 0.10859375 0.27578125 0.0125 0.015625
2 0.09453125 0.26328125 0.015625 0.01796875
2 0.08046875 0.25 0.01015625 0.01640625
2 0.065625 0.23671875 0.0125 0.01796875
2 0.05078125 0.2265625 0.0125 0.0140625
2 0.03671875 0.2140625 0.01328125 0.01640625
2 0.02265625 0.196875 0.01484375 0.01640625
2 0.12578125 0.26015625 0.015625 0.015625
2 0.10859375 0.24921875 0.015625 0.0125
2 0.0921875 0.2390625 0.01796875 0.0140625
2 0.07578125 0.22734375 0.01484375 0.015625
2 0.06328125 0.21328125 0.01328125 0.015625
2 0.05078125 0.20390625 0.01328125 0.0140625
2 0.040625 0.1921875 0.01484375 0.0125
2 0.20390625 0.2609375 0.01484375 0.0140625
2 0.18984375 0.25390625 0.01328125 0.0140625
2 0.17265625 0.2421875 0.01796875 0.015625
2 0.15859375 0.253125 0.02109375 0.01640625
2 0.140625 0.240625 0.01640625 0.0140625
2 0.134375 0.2203125 0.01875 0.0125
2 0.1203125 0.2125 0.01171875 0.0109375
2 0.11640625 0.22734375 0.015625 0.015625
2 0.10390625 0.21796875 0.01171875 0.0140625
2 0.090625 0.2109375 0.0125 0.0109375
2 0.09765625 0.2 0.015625 0.0109375
2 0.08203125 0.190625 0.01640625 0.00859375
2 0.07734375 0.20078125 0.0125 0.0125
2 0.43203125 0.32109375 0.0125 0.01953125
2 0.459375 0.31171875 0.01484375 0.015625
2 0.45 0.328125 0.0125 0.01640625
2 0.47578125 0.2984375 0.0125 0.0140625
2 0.46171875 0.29296875 0.01484375 0.0140625
2 0.44609375 0.30859375 0.01640625 0.0140625