2 0.15703125 0.115625 0.16015625 0.16953125
2 0.50703125 0.81796875 0.20078125 0.228125
2 0.265625 0.47421875 0.175 0.159375
2 0.10390625 0.50390625 0.16875 0.16640625
2 0.10078125 0.33671875 0.13671875 0.134375
2 0.12890625 0.23671875 0.16796875 0.109375
2 0.10078125 0.67265625 0.165625 0.18203125
2 0.09765625 0.87578125 0.1875 0.21796875
2 0.28828125 0.86953125 0.17890625 0.25859375
2 0.26953125 0.65546875 0.16875 0.18046875
2 0.27421875 0.328125 0.14609375 0.1390625
2 0.3171875 0.2140625 0.11796875 0.121875
2 0.28828125 0.096875 0.075 0.08203125
2 0.46328125 0.09921875 0.14921875 0.13203125
2 0.6 0.09296875 0.13359375 0.1109375
2 0.72578125 0.08984375 0.115625 0.10390625
2 0.89296875 0.07890625 0.13515625 0.13046875
2 0.62265625 0.284375 0.1625 0.125
2 0.48203125 0.20390625 0.121875 0.103125
2 0.4078125 0.31953125 0.07421875 0.09140625
2 0.45078125 0.459375 0.128125 0.1359375
2 0.45703125 0.61171875 0.18515625 0.16796875
2 0.67890625 0.62578125 0.196875 0.1765625
2 0.6265625 0.44921875 0.178125 0.15703125
2 0.86640625 0.584375 0.16796875 0.16796875
2 0.80234375 0.43828125 0.12578125 0.1265625
2 0.78828125 0.30078125 0.15 0.12109375
2 0.77265625 0.19765625 0.153125 0.10703125
2 0.925 0.74921875 0.15 0.15703125
2 0.92578125 0.9140625 0.14765625 0.171875
2 0.92578125 0.28046875 0.14609375 0.1359375
2 0.91640625 0.18671875 0.10234375 0.084375
2 0.94140625 0.42109375 0.11484375 0.1359375
2 0.51640625 0.96640625 0.190625 0.06640625
2 0.75390625 0.83359375 0.19140625 0.23359375