2 0.53984375 0.7953125 0.14140625 0.14453125
2 0.184375 0.9296875 0.22109375 0.140625
2 0.34140625 0.71484375 0.1234375 0.1015625
2 0.15546875 0.6609375 0.17421875 0.11875
2 0.2515625 0.54765625 0.11171875 0.0796875
2 0.37734375 0.58671875 0.12578125 0.10078125
2 0.57734375 0.54296875 0.12421875 0.08984375
2 0.81484375 0.69609375 0.15 0.096875
2 0.7953125 0.57109375 0.14375 0.10859375
2 0.9296875 0.509375 0.10390625 0.07421875
2 0.7359375 0.4828125 0.09296875 0.07421875
2 0.58671875 0.440625 0.10234375 0.1
2 0.5796875 0.65703125 0.1359375 0.1109375
2 0.42890625 0.49765625 0.08046875 0.0734375
2 0.46484375 0.43671875 0.0859375 0.065625
2 0.6953125 0.40234375 0.07578125 0.0953125
2 0.79765625 0.384375 0.0890625 0.07421875
2 0.94296875 0.4234375 0.0546875 0.0515625
2 0.8859375 0.35703125 0.08515625 0.08125
2 0.30859375 0.4734375 0.07421875 0.0640625
2 0.59296875 0.3421875 0.0578125 0.0484375
2 0.5265625 0.35859375 0.06484375 0.05
2 0.65703125 0.33125 0.0484375 0.0421875
2 0.12421875 0.43515625 0.07578125 0.0671875
2 0.25390625 0.41171875 0.06796875 0.0671875
2 0.18828125 0.41484375 0.053125 0.0453125
2 0.15859375 0.38828125 0.05390625 0.03984375
2 0.2484375 0.3671875 0.046875 0.03515625
2 0.1984375 0.365625 0.03515625 0.034375
2 0.47109375 0.34609375 0.0359375 0.03984375
2 0.4515625 0.378125 0.05 0.04609375
2 0.40078125 0.35390625 0.04765625 0.04375
2 0.35078125 0.39765625 0.05390625 0.0453125
2 0.32109375 0.36796875 0.05078125 0.0375
2 0.51796875 0.32109375 0.04140625 0.03828125
2 0.9625 0.328125 0.053125 0.03515625
2 0.9578125 0.37578125 0.0453125 0.0421875
2 0.58515625 0.31171875 0.03828125 0.028125
2 0.5828125 0.28515625 0.0296875 0.02734375
2 0.5375 0.29140625 0.03984375 0.028125
2 0.62421875 0.284375 0.03125 0.021875
2 0.6375 0.30625 0.05234375 0.0265625
2 0.715625 0.32109375 0.053125 0.0390625
2 0.45546875 0.3 0.04453125 0.03203125
2 0.83125 0.29921875 0.071875 0.03984375
2 0.725 0.290625 0.03515625 0.0328125