2 0.55546875 0.46171875 0.1984375 0.2203125
2 0.9078125 0.79296875 0.18359375 0.35390625
2 0.4828125 0.87578125 0.21953125 0.24609375
2 0.6359375 0.71015625 0.24609375 0.2671875
2 0.26640625 0.73203125 0.17578125 0.23203125
2 0.04375 0.753125 0.08515625 0.2109375
2 0.2921875 0.43828125 0.15859375 0.18515625
2 0.40546875 0.3515625 0.11875 0.17109375
2 0.93359375 0.44375 0.13046875 0.2203125
2 0.80078125 0.44375 0.1421875 0.17109375
2 0.675 0.375 0.1125 0.1546875
2 0.0640625 0.40859375 0.1265625 0.16875
2 0.80078125 0.2765625 0.1234375 0.12578125
2 0.2609375 0.2625 0.1265625 0.13671875
2 0.0609375 0.2578125 0.11953125 0.1546875
2 0.4234375 0.15546875 0.08046875 0.07109375
2 0.39453125 0.22890625 0.134375 0.07890625
2 0.0546875 0.13125 0.08359375 0.0921875
2 0.70546875 0.1703125 0.071875 0.115625
2 0.94140625 0.284375 0.1171875 0.0953125
2 0.5 0.15625 0.05625 0.103125
2 0.5078125 0.2734375 0.08515625 0.1125
2 0.58125 0.22421875 0.084375 0.09375
2 0.63359375 0.15703125 0.06953125 0.08359375
2 0.6625 0.2546875 0.06875 0.08515625
2 0.54375 0.103125 0.05234375 0.08828125
2 0.321875 0.14765625 0.08125 0.08359375
2 0.38125 0.0734375 0.0671875 0.0625
2 0.45234375 0.08984375 0.06015625 0.0640625
2 0.628125 0.05625 0.07890625 0.09140625
2 0.22421875 0.1625 0.0703125 0.07578125
2 0.71953125 0.0828125 0.0609375 0.0625
2 0.95859375 0.1015625 0.0671875 0.07265625
2 0.89453125 0.09609375 0.05390625 0.07109375
2 0.9734375 0.20859375 0.053125 0.07421875
2 0.89921875 0.19609375 0.07578125 0.096875
2 0.83125 0.10390625 0.08359375 0.1015625
2 0.771875 0.13046875 0.053125 0.12421875