0 0.86328125 0.3359375 0.128125 0.1671875
0 0.81328125 0.21484375 0.1375 0.134375
0 0.7140625 0.2609375 0.15625 0.146875
0 0.74375 0.40078125 0.15 0.203125
0 0.5859375 0.4796875 0.1265625 0.1328125
0 0.59921875 0.36953125 0.125 0.1125
0 0.6375 0.51796875 0.05625 0.090625
0 0.61484375 0.55390625 0.065625 0.0796875
0 0.64375 0.4359375 0.0609375 0.0875
0 0.4984375 0.6203125 0.059375 0.0921875
0 0.4515625 0.565625 0.1078125 0.09375
0 0.53046875 0.22421875 0.06875 0.0609375
0 0.4140625 0.253125 0.06875 0.0859375
0 0.38671875 0.728125 0.078125 0.096875
0 0.35234375 0.63984375 0.0578125 0.08125
0 0.28125 0.565625 0.15 0.159375
0 0.3484375 0.53359375 0.059375 0.065625
0 0.203125 0.61328125 0.09375 0.1203125
0 0.203125 0.7015625 0.084375 0.096875
0 0.41953125 0.3796875 0.06875 0.0796875
0 0.46640625 0.365625 0.075 0.0609375
0 0.271875 0.3703125 0.0703125 0.096875
0 0.6640625 0.15859375 0.0640625 0.059375
0 0.53671875 0.28828125 0.078125 0.0703125
0 0.53671875 0.571875 0.0578125 0.0765625
0 0.3421875 0.78515625 0.065625 0.0859375
0 0.2828125 0.47734375 0.090625 0.1171875
0 0.31796875 0.32890625 0.0578125 0.059375
0 0.34140625 0.4390625 0.0484375 0.053125
0 0.5296875 0.4078125 0.075 0.0609375