0 0.3703125 0.07265625 0.15625 0.128125
0 0.3703125 0.2421875 0.1578125 0.13125
0 0.29765625 0.82265625 0.1390625 0.1109375
0 0.67890625 0.33984375 0.134375 0.1265625
0 0.71875 0.14140625 0.1265625 0.165625
0 0.546875 0.6921875 0.1640625 0.0796875
0 0.6890625 0.69765625 0.0984375 0.090625
0 0.309375 0.67265625 0.109375 0.09375
0 0.4265625 0.8265625 0.109375 0.1
0 0.540625 0.81171875 0.1109375 0.0953125
0 0.4875 0.365625 0.109375 0.09375
0 0.83984375 0.11328125 0.153125 0.121875
0 0.79921875 0.23046875 0.1125 0.0859375
0 0.6375 0.88671875 0.0875 0.090625
0 0.50625 0.57578125 0.0984375 0.0890625
0 0.584375 0.63203125 0.090625 0.075
0 0.44140625 0.4640625 0.0765625 0.08125
0 0.70546875 0.44453125 0.0890625 0.084375
0 0.38125 0.33125 0.1125 0.11875
0 0.38515625 0.14609375 0.0515625 0.06875
0 0.45703125 0.290625 0.1078125 0.10625
0 0.3 0.61328125 0.09375 0.0578125
0 0.1453125 0.6109375 0.0921875 0.0640625
0 0.74921875 0.6203125 0.0890625 0.0875
0 0.65859375 0.5890625 0.0828125 0.065625
0 0.61484375 0.52578125 0.0765625 0.05625
0 0.56171875 0.5421875 0.065625 0.0671875
0 0.58203125 0.575 0.065625 0.05625
0 0.61484375 0.80234375 0.05 0.075
0 0.68046875 0.79375 0.0671875 0.078125
0 0.51484375 0.9578125 0.109375 0.084375
0 0.43828125 0.94765625 0.10625 0.059375