0 0.34921875 0.6078125 0.1734375 0.196875
0 0.7109375 0.73984375 0.165625 0.203125
0 0.63125 0.5484375 0.14375 0.159375
0 0.39921875 0.421875 0.1140625 0.15
0 0.28359375 0.1640625 0.1234375 0.2171875
0 0.71328125 0.47109375 0.1578125 0.2234375
0 0.17265625 0.1484375 0.153125 0.24375
0 0.56171875 0.8484375 0.1625 0.23125
0 0.81015625 0.8671875 0.1015625 0.1359375
0 0.93828125 0.8390625 0.1234375 0.159375
0 0.6734375 0.10859375 0.15625 0.13125
0 0.47890625 0.77734375 0.0578125 0.115625
0 0.45078125 0.63671875 0.053125 0.1453125
0 0.27109375 0.44140625 0.0859375 0.10625
0 0.34609375 0.4375 0.065625 0.134375
0 0.25703125 0.253125 0.1109375 0.178125