0 0.11953125 0.77109375 0.1828125 0.159375
0 0.15703125 0.578125 0.1578125 0.278125
0 0.32265625 0.5234375 0.1609375 0.159375
0 0.37421875 0.32890625 0.240625 0.2359375
0 0.21796875 0.29921875 0.1890625 0.215625
0 0.45859375 0.4140625 0.1484375 0.13125
0 0.61171875 0.3859375 0.196875 0.1484375
0 0.8703125 0.38046875 0.259375 0.2296875
0 0.3625 0.0984375 0.16875 0.196875
0 0.47578125 0.15390625 0.1140625 0.146875
0 0.68203125 0.17734375 0.265625 0.3
0 0.28359375 0.76953125 0.1 0.21875
0 0.38671875 0.74375 0.1796875 0.325
0 0.10703125 0.39296875 0.1140625 0.2359375
0 0.459375 0.55 0.15 0.209375
0 0.584375 0.52734375 0.175 0.246875