0 0.46171875 0.31015625 0.2875 0.18125
0 0.5671875 0.65703125 0.2984375 0.20625
0 0.74375 0.0984375 0.2953125 0.184375
0 0.53203125 0.86015625 0.31875 0.1875
0 0.5140625 0.5125 0.1984375 0.1828125
0 0.26328125 0.36171875 0.134375 0.103125
0 0.43984375 0.1265625 0.140625 0.1265625
0 0.334375 0.13828125 0.0953125 0.1109375
0 0.26953125 0.19296875 0.0890625 0.0734375
0 0.29140625 0.2546875 0.090625 0.075
0 0.2515625 0.53125 0.1265625 0.1421875
0 0.37890625 0.63359375 0.134375 0.16875
0 0.4015625 0.5015625 0.0953125 0.115625