0 0.1140625 0.5984375 0.103125 0.1515625
0 0.1421875 0.7265625 0.11875 0.115625
0 0.24765625 0.6984375 0.1359375 0.125
0 0.24296875 0.55546875 0.1203125 0.184375
0 0.41171875 0.5046875 0.1078125 0.115625
0 0.3796875 0.6109375 0.109375 0.0953125
0 0.36796875 0.45859375 0.04140625 0.08515625
0 0.39609375 0.4265625 0.0546875 0.07109375
0 0.34765625 0.53828125 0.0484375 0.08046875
0 0.52265625 0.38203125 0.0453125 0.08515625
0 0.559375 0.44375 0.0953125 0.078125
0 0.421875 0.76640625 0.06015625 0.05078125
0 0.5421875 0.7578125 0.05546875 0.078125
0 0.65078125 0.2953125 0.0640625 0.08671875
0 0.66953125 0.38828125 0.0453125 0.07421875
0 0.7265625 0.4734375 0.12734375 0.1390625
0 0.65546875 0.49296875 0.05078125 0.05703125
0 0.81171875 0.43984375 0.07578125 0.10859375
0 0.82734375 0.353125 0.0703125 0.0859375
0 0.55859375 0.6328125 0.05703125 0.07109375
0 0.509375 0.63828125 0.06796875 0.05
0 0.70234375 0.6671875 0.05546875 0.0890625
0 0.27890625 0.8078125 0.05546875 0.05078125
0 0.42734375 0.70234375 0.06796875 0.06015625
0 0.4765625 0.42265625 0.04609375 0.06953125
0 0.7046875 0.246875 0.053125 0.07734375
0 0.71015625 0.56015625 0.07421875 0.10546875
0 0.64921875 0.7 0.04921875 0.0515625
0 0.6453125 0.5875 0.040625 0.046875
0 0.4546875 0.5859375 0.06796875 0.04921875