0 0.353125 0.77890625 0.2671875 0.23359375
0 0.7421875 0.46484375 0.21953125 0.30390625
0 0.3984375 0.55 0.225 0.28359375
0 0.21640625 0.32578125 0.11953125 0.196875
0 0.1953125 0.58984375 0.17265625 0.178125
0 0.396875 0.19765625 0.13046875 0.125
0 0.46875 0.3578125 0.17265625 0.12265625
0 0.32734375 0.39609375 0.090625 0.159375
0 0.6703125 0.23125 0.08671875 0.1390625
0 0.784375 0.2828125 0.15078125 0.15625
0 0.58046875 0.10546875 0.09296875 0.20390625
0 0.71328125 0.07578125 0.1640625 0.11328125