0 0.38515625 0.30625 0.2328125 0.20625
0 0.2765625 0.59140625 0.1578125 0.1734375
0 0.16015625 0.25234375 0.1828125 0.159375
0 0.56484375 0.21796875 0.1890625 0.1328125
0 0.50546875 0.1140625 0.190625 0.15
0 0.79375 0.26171875 0.1328125 0.1390625
0 0.65546875 0.35078125 0.14375 0.1171875
0 0.4828125 0.640625 0.11875 0.1625
0 0.828125 0.41484375 0.2484375 0.1765625
0 0.18984375 0.8359375 0.06875 0.096875
0 0.47265625 0.89609375 0.090625 0.1234375
0 0.38203125 0.73125 0.0609375 0.1234375
0 0.69921875 0.04765625 0.0921875 0.084375
0 0.66015625 0.60859375 0.0953125 0.084375
0 0.6015625 0.7109375 0.0671875 0.078125
0 0.58515625 0.61015625 0.0625 0.0796875
0 0.1265625 0.6328125 0.059375 0.1140625