0 0.784375 0.1296875 0.1921875 0.171875
0 0.80546875 0.325 0.1796875 0.2859375
0 0.66328125 0.425 0.171875 0.1703125
0 0.6703125 0.6265625 0.25625 0.253125
0 0.82890625 0.609375 0.203125 0.228125
0 0.56484375 0.5703125 0.15625 0.1421875
0 0.4265625 0.64140625 0.2046875 0.1625
0 0.175 0.725 0.2859375 0.2484375
0 0.75 0.85 0.184375 0.2203125
0 0.62421875 0.8234375 0.125 0.1546875
0 0.41875 0.8515625 0.2875 0.296875
0 0.628125 0.17890625 0.1171875 0.2234375
0 0.5375 0.234375 0.2046875 0.3328125
0 0.9078125 0.4875 0.1328125 0.240625
0 0.52421875 0.440625 0.165625 0.21875
0 0.4109375 0.4984375 0.19375 0.25625