0 0.4328125 0.58125 0.1046875 0.1890625
0 0.3546875 0.26484375 0.07734375 0.16953125
0 0.44375 0.25234375 0.08046875 0.14921875
0 0.48125 0.496875 0.06796875 0.1421875
0 0.54921875 0.49765625 0.0890625 0.159375
0 0.41640625 0.8265625 0.08515625 0.17734375
0 0.56953125 0.89296875 0.0734375 0.1765625
0 0.26796875 0.83671875 0.0734375 0.10625
0 0.2921875 0.48203125 0.0828125 0.1734375
0 0.32734375 0.59375 0.0484375 0.13828125
0 0.23671875 0.925 0.06015625 0.1265625
0 0.5328125 0.625 0.05703125 0.14453125
0 0.63359375 0.62109375 0.0890625 0.14453125
0 0.3796875 0.36953125 0.05859375 0.1078125
0 0.434375 0.40859375 0.090625 0.06875
0 0.37890625 0.5921875 0.06640625 0.12890625