0 0.153125 0.3546875 0.28984375 0.3125
0 0.4390625 0.59765625 0.178125 0.1984375
0 0.503125 0.74140625 0.18984375 0.12578125
0 0.62734375 0.5484375 0.11796875 0.153125
0 0.43203125 0.40078125 0.1640625 0.146875
0 0.36015625 0.303125 0.11171875 0.228125
0 0.12421875 0.54921875 0.13984375 0.12578125
0 0.71796875 0.61875 0.115625 0.18671875
0 0.75078125 0.43828125 0.10546875 0.18828125
0 0.30390625 0.2203125 0.14453125 0.1625
0 0.32578125 0.4796875 0.10859375 0.11015625
0 0.26796875 0.54140625 0.159375 0.14765625