0 0.44453125 0.41015625 0.1296875 0.2015625
0 0.3234375 0.7125 0.1 0.178125
0 0.41015625 0.7375 0.1 0.159375
0 0.48125 0.50078125 0.0875 0.15
0 0.5484375 0.509375 0.1109375 0.1703125
0 0.4625 0.16484375 0.109375 0.1875
0 0.6234375 0.1203125 0.096875 0.184375
0 0.3171875 0.134375 0.0875 0.115625
0 0.29140625 0.4890625 0.10625 0.1828125
0 0.3421875 0.3828125 0.0671875 0.14375
0 0.29765625 0.0546875 0.0765625 0.109375
0 0.55 0.38046875 0.0765625 0.1515625
0 0.64921875 0.3984375 0.1078125 0.15625
0 0.3625 0.6125 0.0734375 0.115625
0 0.42265625 0.58125 0.1 0.08125
0 0.39296875 0.3921875 0.084375 0.1375