0 0.5765625 0.38671875 0.15625 0.37109375
0 0.396875 0.3953125 0.2375 0.37109375
0 0.4234375 0.653125 0.25078125 0.19375
0 0.7609375 0.44765625 0.21328125 0.2015625
0 0.8796875 0.3484375 0.16640625 0.30234375
0 0.15546875 0.43203125 0.2890625 0.228125
0 0.371875 0.790625 0.26640625 0.25703125
0 0.9203125 0.7140625 0.159375 0.16953125
0 0.29609375 0.11875 0.19921875 0.18125
0 0.8703125 0.1203125 0.11484375 0.221875
0 0.19296875 0.9015625 0.1265625 0.196875
0 0.1390625 0.68046875 0.16328125 0.15546875