0 0.41484375 0.06640625 0.1671875 0.1328125
0 0.39765625 0.2296875 0.16875 0.1453125
0 0.26484375 0.8 0.1484375 0.1234375
0 0.69453125 0.36015625 0.1453125 0.1375
0 0.7546875 0.16640625 0.1421875 0.1765625
0 0.5265625 0.69609375 0.16875 0.0953125
0 0.6671875 0.71640625 0.10625 0.1
0 0.2921875 0.6515625 0.1171875 0.103125
0 0.3921875 0.8171875 0.1171875 0.109375
0 0.5078125 0.8140625 0.11875 0.1046875
0 0.5015625 0.365625 0.1171875 0.103125
0 0.878125 0.15078125 0.1625 0.1359375
0 0.82578125 0.26328125 0.1203125 0.096875
0 0.59609375 0.89921875 0.0953125 0.0984375
0 0.4984375 0.57578125 0.10625 0.096875
0 0.5703125 0.63984375 0.096875 0.0828125
0 0.4453125 0.4578125 0.0828125 0.0875
0 0.71015625 0.46640625 0.0953125 0.0921875
0 0.39921875 0.31953125 0.1234375 0.128125
0 0.42265625 0.1359375 0.0578125 0.071875
0 0.47890625 0.2875 0.1171875 0.115625
0 0.28984375 0.59140625 0.0984375 0.0671875
0 0.1359375 0.57265625 0.0984375 0.071875
0 0.73515625 0.6453125 0.096875 0.0953125
0 0.64765625 0.60546875 0.0875 0.0734375
0 0.61171875 0.53828125 0.08125 0.0640625
0 0.55703125 0.5484375 0.071875 0.071875
0 0.5734375 0.5828125 0.0703125 0.0609375
0 0.5828125 0.81328125 0.05625 0.078125
0 0.64921875 0.8109375 0.075 0.0828125
0 0.4671875 0.9546875 0.115625 0.090625
0 0.39140625 0.93828125 0.1109375 0.06875