0 0.5328125 0.69140625 0.3046875 0.21875
0 0.50703125 0.32890625 0.31875 0.2453125
0 0.8578125 0.78671875 0.284375 0.2234375
0 0.40078125 0.15234375 0.334375 0.2296875
0 0.50859375 0.4828125 0.21875 0.20625
0 0.328125 0.7140625 0.1453125 0.1203125
0 0.57734375 0.8703125 0.153125 0.1421875
0 0.47578125 0.896875 0.1078125 0.1203125
0 0.3953125 0.86953125 0.096875 0.084375
0 0.39296875 0.80390625 0.0984375 0.0859375
0 0.25703125 0.559375 0.14375 0.15625
0 0.3390625 0.41875 0.1546875 0.1828125
0 0.40703125 0.53359375 0.109375 0.1265625