0 0.34921875 0.3921875 0.1734375 0.19609375
0 0.7109375 0.26015625 0.165625 0.203125
0 0.63125 0.4515625 0.14375 0.15859375
0 0.39921875 0.578125 0.1140625 0.15078125
0 0.28359375 0.8359375 0.1234375 0.2171875
0 0.71328125 0.52890625 0.1578125 0.2234375
0 0.17265625 0.8515625 0.15390625 0.24375
0 0.56171875 0.1515625 0.1625 0.23046875
0 0.81015625 0.1328125 0.1015625 0.1359375
0 0.93828125 0.1609375 0.1234375 0.15859375
0 0.6734375 0.89140625 0.15546875 0.13046875
0 0.47890625 0.22265625 0.0578125 0.11640625
0 0.45078125 0.36328125 0.05390625 0.1453125
0 0.27109375 0.55859375 0.0859375 0.10546875
0 0.34609375 0.5625 0.065625 0.13515625
0 0.25703125 0.746875 0.1109375 0.178125