0 0.59296875 0.69765625 0.37890625 0.30390625
0 0.4515625 0.4140625 0.2609375 0.26015625
0 0.74140625 0.2671875 0.29609375 0.265625
0 0.7234375 0.103125 0.3609375 0.1140625
0 0.2625 0.22421875 0.28203125 0.17578125
0 0.2890625 0.58515625 0.37890625 0.234375
0 0.1640625 0.82890625 0.19296875 0.15390625
0 0.4375 0.1359375 0.24609375 0.1359375
0 0.29921875 0.85078125 0.20859375 0.12265625
0 0.3984375 0.71484375 0.22578125 0.13671875
0 0.74921875 0.52890625 0.18671875 0.08515625
0 0.76328125 0.43515625 0.24140625 0.1