0 0.340625 0.0828125 0.1484375 0.11875
0 0.35234375 0.2515625 0.15 0.1203125
0 0.3203125 0.8359375 0.13203125 0.10234375
0 0.6671875 0.328125 0.1265625 0.11796875
0 0.69296875 0.12734375 0.115625 0.15859375
0 0.56015625 0.68828125 0.159375 0.06875
0 0.70234375 0.684375 0.09296875 0.084375
0 0.321875 0.68515625 0.10390625 0.0859375
0 0.44921875 0.83125 0.103125 0.09296875
0 0.5625 0.8078125 0.10546875 0.0875
0 0.478125 0.3671875 0.10390625 0.0859375
0 0.81171875 0.090625 0.14609375 0.11171875
0 0.7796875 0.21015625 0.1078125 0.07890625
0 0.6640625 0.8765625 0.08125 0.08515625
0 0.51171875 0.575 0.09296875 0.08203125
0 0.59375 0.62578125 0.08671875 0.06953125
0 0.4390625 0.46796875 0.07109375 0.0765625
0 0.70078125 0.43046875 0.08359375 0.07890625
0 0.36953125 0.33984375 0.10546875 0.11171875
0 0.3609375 0.1546875 0.04765625 0.06484375
0 0.4421875 0.29453125 0.10078125 0.09921875
0 0.30859375 0.6265625 0.090625 0.05234375
0 0.15390625 0.63515625 0.0890625 0.0578125
0 0.75703125 0.60234375 0.08359375 0.08203125
0 0.6640625 0.578125 0.078125 0.0609375
0 0.61640625 0.51796875 0.07265625 0.0515625
0 0.56484375 0.5375 0.06171875 0.0625
0 0.58671875 0.56875 0.0625 0.0515625
0 0.6359375 0.79375 0.04453125 0.071875
0 0.70078125 0.78046875 0.0625 0.0734375
0 0.546875 0.95546875 0.10390625 0.07734375
0 0.46953125 0.95078125 0.103125 0.0515625