0 0.42578125 0.575 0.1203125 0.196875
0 0.37578125 0.253125 0.0921875 0.175
0 0.465625 0.2484375 0.09375 0.15625
0 0.48125 0.4953125 0.0796875 0.146875
0 0.54921875 0.50234375 0.103125 0.1671875
0 0.38828125 0.81796875 0.1 0.184375
0 0.53515625 0.89765625 0.0890625 0.1828125
0 0.23984375 0.81484375 0.0828125 0.1125
0 0.29453125 0.4640625 0.096875 0.1796875
0 0.31953125 0.578125 0.0609375 0.1421875
0 0.20078125 0.90078125 0.0703125 0.13125
0 0.521875 0.62734375 0.06875 0.1484375
0 0.62265625 0.63203125 0.1015625 0.1515625
0 0.39140625 0.359375 0.0671875 0.1125
0 0.44296875 0.403125 0.096875 0.0765625
0 0.37109375 0.58125 0.078125 0.134375