0 0.221875 0.6015625 0.1828125 0.284375
0 0.54765625 0.70546875 0.234375 0.3640625
0 0.496875 0.30703125 0.1921875 0.240625
0 0.8109375 0.69609375 0.2140625 0.3375
0 0.7015625 0.396875 0.190625 0.2328125
0 0.75703125 0.2484375 0.1578125 0.184375
0 0.32578125 0.25703125 0.2453125 0.4203125
0 0.31953125 0.67890625 0.1703125 0.2171875
0 0.04921875 0.59140625 0.0984375 0.2578125
0 0.37734375 0.8328125 0.1203125 0.1921875
0 0.3125 0.0765625 0.15 0.153125
0 0.21328125 0.45859375 0.165625 0.203125
0 0.6515625 0.31484375 0.0703125 0.115625
0 0.60078125 0.89765625 0.140625 0.1359375
0 0.5125 0.94609375 0.1 0.1078125
0 0.484375 0.09375 0.103125 0.153125
0 0.10234375 0.32109375 0.1 0.1609375
0 0.675 0.1984375 0.071875 0.1234375
0 0.8578125 0.209375 0.1265625 0.20625
0 0.925 0.634375 0.121875 0.2078125