0 0.10234375 0.51640625 0.1328125 0.1703125
0 0.103125 0.646875 0.140625 0.1375
0 0.21171875 0.64140625 0.159375 0.15
0 0.23671875 0.50078125 0.15625 0.2046875
0 0.4125 0.4859375 0.1296875 0.1359375
0 0.359375 0.58359375 0.1265625 0.115625
0 0.3796875 0.43203125 0.0578125 0.0921875
0 0.41328125 0.40625 0.06875 0.08125
0 0.34296875 0.50546875 0.0640625 0.0890625
0 0.546875 0.3890625 0.0625 0.0921875
0 0.56953125 0.45703125 0.109375 0.096875
0 0.36796875 0.74453125 0.06875 0.0625
0 0.4875 0.7609375 0.0703125 0.0875
0 0.68984375 0.33125 0.08125 0.0984375
0 0.6890625 0.42578125 0.059375 0.08125
0 0.72734375 0.52109375 0.153125 0.1625
0 0.65390625 0.52578125 0.0609375 0.065625
0 0.8171875 0.50625 0.096875 0.121875
0 0.85078125 0.42421875 0.0859375 0.0984375
0 0.5296875 0.6421875 0.0703125 0.08125
0 0.48046875 0.6375 0.0765625 0.0625
0 0.66328125 0.70546875 0.0734375 0.0984375
0 0.21953125 0.75546875 0.0640625 0.0609375
0 0.38671875 0.6828125 0.0796875 0.0734375
0 0.49296875 0.41953125 0.059375 0.078125
0 0.753125 0.2953125 0.06875 0.0859375
0 0.69296875 0.60234375 0.09375 0.11875
0 0.6046875 0.7265625 0.059375 0.0609375
0 0.62421875 0.615625 0.05 0.0546875
0 0.4375 0.575 0.0765625 0.0625