0 0.35 0.66875 0.2546875 0.2328125
0 0.29765625 0.3671875 0.1765625 0.1890625
0 0.11875 0.67890625 0.1984375 0.1796875
0 0.509375 0.7890625 0.203125 0.1546875
0 0.43203125 0.8796875 0.2046875 0.1703125
0 0.74296875 0.78984375 0.1484375 0.153125
0 0.62421875 0.6765625 0.15625 0.1328125
0 0.51015625 0.35859375 0.1359375 0.175
0 0.80546875 0.646875 0.265625 0.2046875
0 0.259375 0.1109375 0.0796875 0.103125
0 0.54921875 0.10625 0.103125 0.1328125
0 0.428125 0.25078125 0.075 0.1296875
0 0.609375 0.96796875 0.1 0.0640625
0 0.678125 0.4234375 0.1046875 0.09375
0 0.63984375 0.3125 0.0765625 0.084375
0 0.6046875 0.40859375 0.0703125 0.0859375
0 0.15859375 0.29765625 0.071875 0.11875