0 0.621875 0.31015625 0.2265625 0.19921875
0 0.7203125 0.59921875 0.15234375 0.16796875
0 0.8484375 0.2640625 0.17734375 0.153125
0 0.4453125 0.215625 0.18515625 0.1265625
0 0.5078125 0.1140625 0.18515625 0.14375
0 0.21484375 0.2515625 0.12890625 0.13515625
0 0.35 0.3453125 0.140625 0.11171875
0 0.5125 0.64140625 0.1125 0.159375
0 0.175 0.403125 0.24296875 0.16875
0 0.7984375 0.846875 0.065625 0.09453125
0 0.51328125 0.896875 0.0859375 0.1203125
0 0.61015625 0.73515625 0.05703125 0.121875
0 0.31640625 0.040625 0.0890625 0.08125
0 0.3359375 0.603125 0.09296875 0.08046875
0 0.39140625 0.70703125 0.06484375 0.07578125
0 0.4109375 0.60703125 0.059375 0.07734375
0 0.86875 0.64609375 0.05546875 0.11171875