0 0.3890625 0.53984375 0.265625 0.34609375
0 0.20546875 0.46953125 0.16484375 0.178125
0 0.2796875 0.21484375 0.178125 0.20078125
0 0.58828125 0.4828125 0.2171875 0.2234375
0 0.17578125 0.725 0.15390625 0.19921875
0 0.77265625 0.67421875 0.16328125 0.27734375
0 0.47578125 0.2046875 0.153125 0.26015625
0 0.87890625 0.18359375 0.2421875 0.240625
0 0.84296875 0.48984375 0.19765625 0.26796875
0 0.28359375 0.7171875 0.10390625 0.16015625
0 0.09140625 0.5609375 0.1328125 0.1875
0 0.61328125 0.165625 0.0921875 0.09453125