0 0.48203125 0.30703125 0.2734375 0.15390625
0 0.55078125 0.66328125 0.28203125 0.178125
0 0.784375 0.12578125 0.28046875 0.15625
0 0.49453125 0.86171875 0.30390625 0.15625
0 0.5125 0.5140625 0.1828125 0.1640625
0 0.27890625 0.3375 0.12578125 0.090625
0 0.47890625 0.12265625 0.12890625 0.11328125
0 0.3734375 0.12265625 0.084375 0.10234375
0 0.303125 0.1703125 0.08203125 0.065625
0 0.31796875 0.234375 0.08359375 0.0671875
0 0.25 0.50546875 0.1140625 0.13046875
0 0.365625 0.6203125 0.11796875 0.15703125
0 0.4015625 0.49140625 0.084375 0.1078125