0 0.2171875 0.58671875 0.19375 0.2890625
0 0.53671875 0.70703125 0.25 0.3703125
0 0.50703125 0.30703125 0.2015625 0.2453125
0 0.80078125 0.7125 0.228125 0.3421875
0 0.70625 0.40703125 0.2 0.2390625
0 0.76953125 0.2625 0.1640625 0.190625
0 0.33828125 0.2484375 0.2640625 0.425
0 0.31015625 0.66953125 0.1796875 0.221875
0 0.05 0.56640625 0.1 0.2609375
0 0.36015625 0.82578125 0.128125 0.1953125
0 0.33515625 0.0734375 0.1578125 0.146875
0 0.215625 0.44375 0.1734375 0.2078125
0 0.6609375 0.3234375 0.075 0.1171875
0 0.5796875 0.90234375 0.1453125 0.140625
0 0.48984375 0.9453125 0.1046875 0.109375
0 0.50546875 0.09296875 0.109375 0.15625
0 0.1125 0.30078125 0.1078125 0.1625
0 0.690625 0.2078125 0.078125 0.125
0 0.871875 0.228125 0.1359375 0.209375
0 0.91796875 0.65625 0.13125 0.2109375