0 0.659375 0.40546875 0.190625 0.2109375
0 0.3109375 0.24296875 0.1828125 0.2171875
0 0.3734375 0.440625 0.15625 0.1703125
0 0.59375 0.58671875 0.1265625 0.159375
0 0.6859375 0.85390625 0.1421875 0.2265625
0 0.28515625 0.51015625 0.1765625 0.2359375
0 0.7953125 0.875 0.175 0.25
0 0.46875 0.14765625 0.18125 0.24375
0 0.22265625 0.10703125 0.1125 0.14375
0 0.09296875 0.12421875 0.1375 0.16875
0 0.29296875 0.875 0.165625 0.14375
0 0.5453125 0.22578125 0.0671875 0.1203125
0 0.5609375 0.36796875 0.065625 0.15
0 0.72265625 0.578125 0.0953125 0.1125
0 0.64765625 0.57578125 0.0765625 0.140625
0 0.7203125 0.7671875 0.1265625 0.1875