4 0.36171875 0.64375 0.0671875 0.06171875
4 0.44609375 0.690625 0.0640625 0.046875
4 0.38515625 0.70625 0.0578125 0.05
4 0.36015625 0.7328125 0.0515625 0.03984375
4 0.71875 0.471875 0.05 0.0375
4 0.7296875 0.509375 0.034375 0.046875
4 0.71875 0.571875 0.03125 0.053125
4 0.784375 0.5703125 0.025 0.053125
4 0.7890625 0.634375 0.025 0.053125
4 0.8421875 0.72734375 0.034375 0.0453125
4 0.8046875 0.684375 0.021875 0.046875
4 0.83671875 0.678125 0.0546875 0.03828125
4 0.809375 0.63984375 0.021875 0.0515625
4 0.75234375 0.5484375 0.0296875 0.05
4 0.75625 0.45078125 0.05625 0.0609375