4 0.3625 0.253125 0.04375 0.03359375
4 0.39375 0.2859375 0.046875 0.03046875
4 0.43828125 0.3078125 0.0453125 0.034375
4 0.37578125 0.3484375 0.0453125 0.04140625
4 0.7015625 0.428125 0.015625 0.053125
4 0.68984375 0.5265625 0.0203125 0.04140625
4 0.69609375 0.4890625 0.0328125 0.0375
4 0.7125 0.4609375 0.02578125 0.053125
4 0.7578125 0.44140625 0.02578125 0.0671875
4 0.79375 0.36953125 0.046875 0.0453125
4 0.82109375 0.3265625 0.0359375 0.04375
4 0.8359375 0.28828125 0.04140625 0.0453125
4 0.721875 0.56171875 0.03828125 0.0390625