8 0.1793380721153846 0.43986882692307694 0.1820736201923077 0.4789889855769231 0.19345386298076922 0.5292980841346154 0.20689500961538462 0.5716007788461538 0.24401803605769232 0.5965228966346154 0.2544593173076923 0.5584468966346153 0.2521341009615385 0.5251947620192308 0.2428785264423077 0.4865305288461539 0.22710292548076924 0.44832221874999995 0.20329350721153847 0.42640026682692306 0.1793380721153846 0.43986882692307694
8 0.9056597788461538 0.42642534134615384 0.8849962403846153 0.4494915721153846 0.8779836322115385 0.49912125 0.9012459447115385 0.513219170673077 0.9188181298076923 0.5021625408653846 0.9372202211538462 0.46549543750000005 0.9330438894230769 0.4245104591346154 0.9056597788461538 0.42642534134615384
8 0.7312603942307692 0.4622074014423077 0.7164329927884616 0.4750376706730769 0.7115542956730769 0.49896568990384615 0.7262356802884615 0.5215259350961539 0.7601398173076923 0.519155125 0.7826544687499999 0.5038217403846154 0.7832108197115384 0.4742992524038462 0.7585077283653846 0.45833651201923076 0.7312603942307692 0.4622074014423077
8 0.4708511850961538 0.5610054543269231 0.45389911778846154 0.5621908581730769 0.45211177403846153 0.5741092764423077 0.4657627019230769 0.6006727235576923 0.48758423076923074 0.6129058197115385 0.5195642427884615 0.620497420673077 0.5356956466346154 0.60757596875 0.5450334711538461 0.5911984254807693 0.5397536826923077 0.5719118990384615 0.5038616514423077 0.5645938533653846 0.4708511850961538 0.5610054543269231
8 0.8440794951923076 0.5014920600961539 0.8411886923076923 0.5351089326923076 0.8425472235576923 0.5920155336538462 0.8655267403846154 0.6395479567307691 0.8828253725961539 0.6245793125 0.8856524086538461 0.5713111754807693 0.8754393918269231 0.5189548846153846 0.8632292427884616 0.49425626201923073 0.8440794951923076 0.5014920600961539
8 0.16312897596153847 0.5884763629807692 0.12069388221153846 0.5756629759615385 0.1092221466346154 0.6177421778846154 0.11175714903846154 0.6352550649038461 0.1315177764423077 0.6554945625 0.16253110817307695 0.6867406298076923 0.21901366826923077 0.6886877019230769 0.24647078846153844 0.6690775600961539 0.24627024278846152 0.6474702884615385 0.23345324278846155 0.6384544399038461 0.20912602403846153 0.6091276009615385 0.16312897596153847 0.5884763629807692
8 0.5673383389423077 0.5916042884615385 0.5802323725961538 0.626082951923077 0.6130330528846154 0.6454106009615385 0.6234650937499999 0.6446811225961538 0.6166807548076924 0.6038785120192307 0.5937650072115385 0.5759973509615385 0.5673383389423077 0.5916042884615385
8 0.5903178533653846 0.6391367139423078 0.5664991947115385 0.6545612836538461 0.5542067980769231 0.684904435096154 0.5765754326923077 0.7049615649038461 0.5999107524038462 0.7013642283653846 0.6125497115384616 0.6572378341346153 0.5903178533653846 0.6391367139423078
8 0.09020508413461538 0.6712251658653846 0.059187826923076926 0.6789632259615386 0.047225278846153844 0.6937225312499999 0.06491052644230769 0.7342542740384614 0.09212967307692307 0.7518428509615384 0.11264418990384616 0.7531928966346153 0.13092383173076924 0.7491300985576923 0.1511542403846154 0.7198698413461538 0.12442606009615384 0.6827550072115385 0.09020508413461538 0.6712251658653846
8 0.7176908004807692 0.6616790889423078 0.6980577115384615 0.6807421177884615 0.7095109639423077 0.7133559591346154 0.7356548389423078 0.7311835264423077 0.7629021730769231 0.7273126322115384 0.7754681274038462 0.7008814951923077 0.762984423076923 0.6722708557692307 0.73402275 0.6703649086538461 0.7176908004807692 0.6616790889423078
8 0.6707373701923077 0.702308266826923 0.6550893052884615 0.7034024855769231 0.6409457932692307 0.7260127908653846 0.6675 0.7497083822115385 0.6944737788461539 0.7419254759615386 0.7068299471153847 0.7312335841346154 0.6947565745192308 0.70849096875 0.6707373701923077 0.702308266826923
8 0.15331176442307692 0.7411272307692307 0.13541206490384614 0.7423788990384614 0.11163882692307693 0.7585694278846155 0.12344347836538462 0.7888757043269231 0.15199244230769232 0.8014075072115384 0.17612185817307693 0.8100974615384615 0.19373271153846156 0.8047150913461538 0.21142065384615386 0.7806482908653846 0.20062696634615385 0.7647994663461539 0.17744118269230771 0.7498171826923077 0.15331176442307692 0.7411272307692307
8 0.6909720961538461 0.7480670528846154 0.6731263533653846 0.7552116634615385 0.6647459735576924 0.7852812620192308 0.6899324038461538 0.7894167740384616 0.7048235721153847 0.7962377716346154 0.7258974447115385 0.7790395649038462 0.7270009038461538 0.7573411057692307 0.7095017235576923 0.7507024783653846 0.6909720961538461 0.7480670528846154
8 0.28322877163461535 0.7824759591346153 0.2651094735576923 0.7857085576923077 0.2637324591346154 0.8034949975961538 0.2755322764423077 0.8223255985576923 0.3068921706730769 0.8397884254807693 0.3245281274038462 0.8483830600961538 0.35047145432692306 0.8446033557692308 0.35679093749999996 0.8225401586538462 0.33778720673076923 0.7943854423076923 0.31246399519230766 0.788293923076923 0.28322877163461535 0.7824759591346153
8 0.2595253076923077 0.8353970600961538 0.23474110817307692 0.8371301394230769 0.23756224038461538 0.8576873581730768 0.25429679807692307 0.8793471033653847 0.27400666826923076 0.8841952019230769 0.29915680528846156 0.8679083894230769 0.3130028942307692 0.8482611346153845 0.28032323076923077 0.8360181754807693 0.2595253076923077 0.8353970600961538