8 0.29559890384615384 0.30398906971153844 0.2689015264423077 0.3161701682692308 0.25627856009615385 0.33254678365384616 0.25127139182692304 0.35709405288461543 0.2593122235576923 0.3774360745192308 0.2778122548076923 0.3824144423076923 0.29172318990384616 0.38192866105769235 0.32853994951923077 0.36564458413461537 0.3404961514423077 0.3511660528846154 0.3400057283653846 0.33712217067307687 0.3357564495192307 0.32039734855769236 0.32767005528846155 0.3197423293269231 0.31186977644230773 0.3081078798076923 0.29559890384615384 0.30398906971153844
8 0.21119210576923075 0.3219350288461538 0.19238495432692307 0.32915359375000003 0.18508323798076923 0.35096878846153845 0.18380223076923075 0.37726073798076926 0.1945101201923077 0.39001042067307695 0.2155008701923077 0.4033384158653846 0.23982543990384614 0.4071759879807692 0.25480834375 0.3954039663461538 0.25568414663461536 0.37850017067307695 0.24684576923076923 0.3563111971153846 0.24123026682692308 0.3424462884615384 0.2268942980769231 0.33076070192307694 0.21119210576923075 0.3219350288461538
8 0.15531950240384618 0.31732433894230766 0.1457559326923077 0.33734371875 0.1421149903846154 0.35903107692307695 0.14569750240384616 0.3776539855769231 0.15796778846153847 0.39316130769230767 0.17254548798076924 0.3907774423076923 0.18191288942307693 0.3651405096153846 0.18501784615384614 0.34909627163461543 0.18922747355769232 0.3227020504807693 0.18434412259615385 0.30881157211538457 0.16957025240384616 0.3055778822115385 0.15531950240384618 0.31732433894230766
8 0.3503400528846154 0.25520743269230767 0.3327356514423077 0.25488479326923075 0.3092284519230769 0.27445369471153847 0.30316218028846154 0.2896639423076923 0.30881037980769227 0.3044651153846154 0.3354621947115385 0.31197101923076925 0.3584205408653846 0.31866849759615384 0.3789208653846154 0.31795261057692303 0.3893473677884615 0.3016527019230769 0.3890204182692308 0.29229011298076923 0.38436593509615385 0.28495344471153844 0.37050056249999996 0.26575222115384617 0.3503400528846154 0.25520743269230767
8 0.468531 0.28107693509615383 0.4554503052884616 0.2843459254807692 0.4454943966346154 0.29313019951923075 0.44182075961538464 0.3138812980769231 0.45189457692307694 0.3294653221153846 0.47594472355769235 0.34643608653846153 0.504257016826923 0.35950840865384615 0.5182462091346154 0.3402718822115384 0.5173307524038462 0.31405663461538463 0.5071588461538462 0.2956638293269231 0.49295365625000004 0.28772328125 0.47754571875 0.2873239375 0.468531 0.28107693509615383
8 0.4255686586538462 0.22633317548076923 0.41172311298076925 0.22869147596153847 0.39454374759615385 0.24054019951923078 0.3806526394230769 0.2625855 0.3936223846153846 0.27713099759615384 0.40499703846153845 0.28798259375 0.41817581971153844 0.2875223798076923 0.42873310096153844 0.27496750480769233 0.44358522596153843 0.2594504447115385 0.4470498317307693 0.25370505528846155 0.4420356995192308 0.23606954086538462 0.4255686586538462 0.22633317548076923
8 0.7951385096153847 0.7223160600961538 0.7711531298076924 0.7231536490384615 0.74613996875 0.7404053942307692 0.738616579326923 0.8000393221153845 0.7723822259615385 0.8500422716346154 0.8144286225961538 0.9079451850961539 0.8657121418269231 0.9552891153846154 0.9141113365384614 0.9658826778846153 0.9381681225961539 0.9670898798076923 0.9510598317307692 0.9236467475961538 0.9488462572115384 0.8602582764423077 0.9191636298076923 0.7896399134615385 0.8760180480769232 0.7461063653846154 0.8219649110576923 0.7111428485576923 0.7951385096153847 0.7223160600961538
8 0.8277479495192307 0.32150218750000004 0.8026205913461539 0.3405777235576923 0.79449084375 0.36247183173076925 0.7986392788461539 0.37938765625 0.8078401105769231 0.38816539182692306 0.8246790432692308 0.3864399831730769 0.8447540048076922 0.37550253365384617 0.8626952427884615 0.35440318509615387 0.8620605264423078 0.3362272788461539 0.8445868798076923 0.31977678125 0.8277479495192307 0.32150218750000004
8 0.7247633798076923 0.35239559374999996 0.7160782524038461 0.35838578125 0.6962809807692308 0.3772751899038462 0.6981610721153846 0.40564401923076926 0.7153173605769231 0.4130065649038462 0.7364790192307692 0.4077180673076923 0.7528419134615384 0.3923607283653846 0.7635176923076923 0.3669655745192308 0.7636126466346155 0.3442146706730769 0.73800925 0.34965827884615386 0.7247633798076923 0.35239559374999996
8 0.7426974519230769 0.40750091346153844 0.7237885240384615 0.4263592980769231 0.7314903509615385 0.44315103846153847 0.7476789543269231 0.4482726153846154 0.7645575528846155 0.4476832019230769 0.7803494567307693 0.4414448389423077 0.7879478846153846 0.42980569951923076 0.7980923485576923 0.4146655168269231 0.795641266826923 0.3954156586538462 0.7732342331730769 0.39051123317307695 0.7426974519230769 0.40750091346153844
8 0.3645222548076923 0.3263045913461538 0.34347960576923076 0.3350010721153846 0.3489924278846154 0.36551780528846156 0.36145334855769234 0.39124238701923075 0.38111600240384613 0.393967889423077 0.40300732692307695 0.3841043918269231 0.4136831081730769 0.3587092379807692 0.4038872307692308 0.3328915913461538 0.3856045745192308 0.3187441033653846 0.3645222548076923 0.3263045913461538
8 0.4933397932692308 0.24560176201923076 0.47476383894230767 0.2485252091346154 0.4558549134615385 0.26738359134615386 0.4431247475961539 0.28488882932692305 0.46355673798076924 0.2841753293269231 0.48947749278846153 0.28781967548076925 0.5145495697115384 0.2926310360576923 0.5313091586538461 0.28863363942307696 0.5495280889423078 0.2754862451923077 0.5339898125 0.2635176826923077 0.5184912091346153 0.25268511298076923 0.50867971875 0.2518903557692308 0.4933397932692308 0.24560176201923076
8 0.3215726658653846 0.3698874615384616 0.30678812019230767 0.3795027860576923 0.290226875 0.3891801514423077 0.2944943245192308 0.4095039567307692 0.3161716875 0.41898338461538465 0.34092640625000004 0.4147067908653846 0.3610807091346154 0.40604133173076923 0.3623416947115385 0.39121136538461543 0.35104681009615385 0.37340771875 0.34111631009615384 0.36920498317307693 0.3215726658653846 0.3698874615384616
8 0.46429997115384614 0.8403279110576923 0.44983278125 0.8590311875 0.44549443990384613 0.8876171706730769 0.4486355192307692 0.9011560360576923 0.46482412259615385 0.9062776129807693 0.4824720625 0.9022491947115385 0.4918868533653846 0.8916840096153845 0.49553519471153845 0.8688090192307693 0.4910694014423077 0.8428052403846155 0.4791241875 0.8318485841346154 0.46429997115384614 0.8403279110576923
8 0.47780075 0.9467701201923078 0.4781421682692307 0.9820169591346153 0.49008738221153847 0.9929736177884615 0.5007475504807692 0.9926013557692308 0.5052445697115384 0.9685593485576922 0.49993009615384615 0.9437225865384615 0.4957023221153846 0.9245347740384615 0.4747942932692307 0.91161634375 0.47780075 0.9467701201923078
8 0.39009954326923074 0.8804525697115384 0.393796 0.9098953509615384 0.4199151033653846 0.9192196658653846 0.43813403125 0.9060722740384615 0.43637294711538466 0.881111423076923 0.4283934326923077 0.8563677283653846 0.40478069471153844 0.8424063701923077 0.3828100264423077 0.8499978798076923 0.39009954326923074 0.8804525697115384