8 0.42435000480769236 0.8073826514423076 0.4389325913461538 0.7805801153846155 0.42462677884615385 0.7291991490384616 0.4134803004807692 0.7020870673076923 0.39054621875 0.6980074639423077 0.37330124759615385 0.7238622692307692 0.38117768509615385 0.7579788677884616 0.39519639903846154 0.7922398004807693 0.42435000480769236 0.8073826514423076
8 0.5139865745192307 0.9257413149038461 0.535816045673077 0.9144520144230769 0.5394066490384616 0.8823752163461538 0.5269457091346154 0.8336931129807692 0.4996369783653846 0.8212491274038461 0.4817070985576923 0.8441372692307693 0.4815963918269231 0.8754106706730769 0.4924776634615385 0.9119583317307692 0.5139865745192307 0.9257413149038461
8 0.47221753605769234 0.8400785384615385 0.4986868653846154 0.8277180456730769 0.49729515384615386 0.7952291129807693 0.4724170625 0.7509761274038461 0.45657536778846153 0.7405719399038462 0.44566063221153845 0.7462165913461539 0.42936577884615384 0.7656024759615385 0.4359496490384615 0.8047046634615385 0.45671829807692305 0.8311576850961538 0.47221753605769234 0.8400785384615385
8 0.3773115528846154 0.7041877115384616 0.38698907692307694 0.6878919495192307 0.3726279086538461 0.6521476850961538 0.3474292572115385 0.6329669807692307 0.32634004567307695 0.6315862379807692 0.3315541009615384 0.6647551057692307 0.33771826923076925 0.6914550528846154 0.36038714423076923 0.7049702355769232 0.3773115528846154 0.7041877115384616
8 0.3530745817307693 0.6097901634615385 0.3540028028846154 0.5767656346153847 0.3431215288461538 0.5402179735576923 0.3296551201923077 0.5136414903846154 0.31183595192307695 0.5052562307692308 0.30682018028846153 0.54703640625 0.31148193028846155 0.5725208245192308 0.3394974615384615 0.6144870817307692 0.3530745817307693 0.6097901634615385
8 0.37363337980769235 0.6300420649038462 0.3851557740384616 0.6164451682692308 0.39175121394230766 0.5867994302884616 0.39083456490384616 0.5510760384615385 0.3785281177884615 0.5242317572115385 0.35704110096153846 0.5370043870192307 0.3470983701923077 0.5627357283653847 0.3560794182692308 0.6122212283653846 0.37363337980769235 0.6300420649038462
8 0.4596355625 0.7273663028846153 0.4663636033653846 0.6930027788461538 0.44620261538461536 0.6585975072115384 0.4264059735576923 0.6522311778846154 0.4033611802884615 0.6794249759615384 0.4188050649038461 0.7039825312500001 0.4397835649038461 0.736636673076923 0.4596355625 0.7273663028846153
8 0.5139324663461539 0.7773265576923076 0.5184178293269232 0.7544175432692307 0.5035043557692307 0.7109888269230769 0.4880604735576923 0.6864312692307692 0.46739096634615385 0.6974527716346154 0.46530277884615384 0.7307450985576923 0.47924424519230774 0.7540871225961538 0.49455552403846154 0.7833624711538462 0.5139324663461539 0.7773265576923076
8 0.5224925649038462 0.9784612716346154 0.5482769855769231 0.9631341201923077 0.5527623485576924 0.9402251033653847 0.5352083870192308 0.9224042644230769 0.5167815625000001 0.9219712548076924 0.4941899326923077 0.9193749831730769 0.48048021153846154 0.9287896899038461 0.4838493942307692 0.9592596947115385 0.4965536466346154 0.971950608173077 0.5224925649038462 0.9784612716346154
8 0.3107849855769231 0.16974428125 0.2909026514423077 0.13301788942307693 0.2754882331730769 0.10741193509615385 0.2493676466346154 0.10129040865384614 0.2321828966346154 0.11740975961538462 0.2552614663461539 0.16798056971153846 0.2838393125 0.19297789182692307 0.3107849855769231 0.16974428125
8 0.7904106826923076 0.47429430528846156 0.8151295120192308 0.47022802644230766 0.8203379519230769 0.44277737740384615 0.8021847572115385 0.41415813701923077 0.7897847884615385 0.41045884855769227 0.7758072812500001 0.4054832524038462 0.7581177620192308 0.4177697572115384 0.7523294014423076 0.43715173317307693 0.767327516826923 0.46321835817307694 0.7904106826923076 0.47429430528846156
8 0.8340721298076923 0.41335840625000003 0.8524808004807691 0.40418689423076926 0.8609254278846153 0.39075371394230773 0.8657161682692307 0.37816410336538464 0.8495812019230768 0.36384352644230766 0.8266602548076923 0.3756972884615385 0.8130653124999999 0.40016258173076924 0.8133667644230769 0.4181386153846154 0.8340721298076923 0.41335840625000003
8 0.8047356201923077 0.5530127163461539 0.8356023846153846 0.5311219567307692 0.8451838653846154 0.5059427331730769 0.8366351394230769 0.4800276658653846 0.8167070504807692 0.4715043341346154 0.7976603365384616 0.4890257091346154 0.7935306274038462 0.5211488485576923 0.800362579326923 0.5507412908653846 0.8047356201923077 0.5530127163461539
8 0.8750408605769231 0.5630296586538461 0.8791705721153846 0.5309065192307693 0.874496076923077 0.5106590600961538 0.8575838341346155 0.5096420240384615 0.8382586538461538 0.5370707572115385 0.8382816418269231 0.5649541490384615 0.8495447572115384 0.5803994807692308 0.8750408605769231 0.5630296586538461
8 0.4350792115384615 0.5021921538461538 0.4182021033653846 0.4568731899038462 0.3929033557692308 0.4528707956730769 0.37571264663461534 0.4617611201923077 0.4036906514423077 0.49959570192307695 0.4363782836538462 0.5133758221153847 0.4350792115384615 0.5021921538461538