8 0.7521390024038461 0.4885025793269231 0.7726709735576923 0.5222255721153846 0.8014864495192308 0.4880364014423077 0.8027467067307692 0.4436675576923077 0.79981903125 0.39217053125 0.7916656322115384 0.3538118004807692 0.76492575 0.3474680024038461 0.7480811778846154 0.37510350000000003 0.7434483341346154 0.4161800288461538 0.7452086129807692 0.4558976586538461 0.7521390024038461 0.4885025793269231
8 0.13641659615384616 0.6033417019230769 0.11599585096153847 0.5575675288461539 0.08977486778846154 0.5410904879807692 0.06292375721153846 0.5467978677884615 0.07020620192307693 0.5873463125 0.09800225240384616 0.6175206875 0.11794134134615385 0.623305451923077 0.13641659615384616 0.6033417019230769
8 0.28846165865384615 0.5830510600961538 0.29635586298076927 0.5573180240384615 0.28507070192307693 0.5356616850961539 0.26728118990384614 0.5274154278846154 0.24002240865384616 0.5312048701923077 0.2206762019230769 0.5533583365384616 0.22934849999999998 0.5815838245192307 0.2552174278846154 0.5901173413461538 0.28846165865384615 0.5830510600961538
8 0.5144072331730769 0.6212221899038461 0.5430558653846154 0.6051097908653846 0.5606601658653847 0.5873357548076923 0.5664604038461538 0.558038625 0.5614571370192307 0.5470745649038462 0.5448350192307692 0.5506077043269231 0.5140924206730769 0.563156014423077 0.4816079134615385 0.5800837548076923 0.4818487427884615 0.6000784591346154 0.49533909615384614 0.6132477115384616 0.5144072331730769 0.6212221899038461
8 0.18709777644230768 0.7348949302884615 0.19608539182692308 0.6828698173076924 0.1817057139423077 0.6277932211538462 0.1696608269230769 0.596275423076923 0.1492584519230769 0.5945983125000001 0.14432916586538463 0.6217057259615385 0.1489431346153846 0.6748489110576923 0.16634334615384613 0.725274295673077 0.18709777644230768 0.7348949302884615
8 0.8221107788461539 0.6039279302884615 0.8758686129807691 0.5864875817307692 0.8970679567307692 0.5479035 0.9104843293269231 0.5230012788461539 0.908093923076923 0.5054680721153846 0.8854679855769232 0.4681809855769231 0.8482086009615385 0.4921946995192308 0.80968565625 0.5247244471153846 0.7943844038461538 0.5596207067307692 0.784549016826923 0.5718201394230769 0.7903120120192307 0.5926456610576923 0.8221107788461539 0.6039279302884615
8 0.4576288629807692 0.6433137524038461 0.46051979807692306 0.60661665625 0.430815 0.5988984807692308 0.41647205769230766 0.6320160096153846 0.4211972572115385 0.6731080120192308 0.43142625 0.6709337740384616 0.4576288629807692 0.6433137524038461
8 0.4786797355769231 0.6669035024038461 0.4515321826923077 0.6586417668269231 0.43515089423076925 0.6821696129807692 0.45946312500000003 0.7211028557692308 0.4828860336538462 0.71812875 0.49885965144230765 0.6926829711538461 0.4786797355769231 0.6669035024038461
8 0.9614874206730769 0.6296625865384615 0.9828040745192308 0.6052527475961539 0.9886321634615385 0.5614164230769231 0.9730648076923077 0.5505261923076923 0.9411162091346154 0.55163740625 0.9113989495192307 0.5721531802884615 0.8959364086538462 0.6151975336538462 0.9234483461538462 0.6377480432692307 0.9421397235576923 0.6366149014423077 0.9614874206730769 0.6296625865384615
8 0.33719684615384615 0.7871831442307692 0.35741400721153843 0.7628399591346154 0.35943398798076925 0.7283325793269231 0.33530696875 0.7154196322115385 0.32200182692307694 0.7282706730769231 0.2946874326923077 0.7380857067307692 0.2905734855769231 0.7690289927884616 0.3099380649038462 0.7909725865384616 0.33719684615384615 0.7871831442307692
8 0.42681177644230767 0.7561073653846153 0.4069839158653846 0.7382714230769231 0.3916404206730769 0.7415327836538462 0.3702558653846154 0.7540965697115385 0.36491890865384613 0.7792860456730769 0.37974350240384613 0.7861579302884615 0.40781762499999996 0.7862043605769231 0.42681177644230767 0.7561073653846153
8 0.8968060985576923 0.7088118966346154 0.9176055048076923 0.693807608173077 0.941594295673077 0.6738921057692308 0.9445881129807692 0.6415060408653847 0.9172730961538461 0.6324954975961539 0.8997217932692307 0.636226141826923 0.8789223846153846 0.6512304278846154 0.8607644543269231 0.6720231923076923 0.8547574230769232 0.6902332043269231 0.878393875 0.7084922403846154 0.8968060985576923 0.7088118966346154
8 0.3971993293269231 0.8305577235576924 0.4202701802884615 0.81964009375 0.4039261346153846 0.7930452884615384 0.3848023846153846 0.7910964014423078 0.3677169855769231 0.7987371923076924 0.352725548076923 0.809942076923077 0.3597671682692308 0.8304958197115385 0.38476514182692306 0.8412190504807693 0.3971993293269231 0.8305577235576924
8 0.7647017764423077 0.7865206875 0.7792855432692308 0.7733978677884615 0.8046171995192307 0.7479675625000001 0.8107694951923077 0.7266139567307692 0.8045432163461539 0.7098960889423077 0.7862348052884616 0.7117830721153846 0.7597357524038462 0.7254339759615385 0.7370725697115385 0.738269545673077 0.7265655024038461 0.7705717307692308 0.7387216201923077 0.7900383533653846 0.7647017764423077 0.7865206875
8 0.8407473100961538 0.7969268581730768 0.8508633629807693 0.7714935072115385 0.8479088725961539 0.7509550288461538 0.8236070697115385 0.7561205384615385 0.8037860264423077 0.7624502788461538 0.7757469326923078 0.783226701923077 0.7944721658653846 0.7982963557692307 0.8231372836538462 0.8070199278846153 0.8407473100961538 0.7969268581730768