8 0.7521816033653846 0.5105216923076923 0.7696962908653846 0.5459058365384615 0.8013818990384615 0.5143582019230769 0.8065043581730769 0.4702680336538462 0.8080760865384615 0.4187118052884615 0.8032968966346155 0.37978842548076924 0.7772116682692308 0.3711382331730769 0.7580226009615385 0.39720046634615386 0.7498273317307693 0.43771691105769234 0.7481192908653846 0.4774368197115385 0.7521816033653846 0.5105216923076923
8 0.1287933173076923 0.5712600745192308 0.11243976201923077 0.5238803004807692 0.08775462740384615 0.5051806490384615 0.06050826201923077 0.5085260841346154 0.06422896394230769 0.5495549350961538 0.08928937259615385 0.5820370745192307 0.10864841105769231 0.5895376322115384 0.1287933173076923 0.5712600745192308
8 0.28202825 0.5642982451923078 0.2921351971153846 0.53935115625 0.28278045192307694 0.5167936610576923 0.26577734375 0.5070283221153846 0.23829201682692308 0.5084275865384615 0.21708862740384616 0.5288106201923077 0.2232679110576923 0.5576845408653847 0.24829465384615385 0.5684402091346153 0.28202825 0.5642982451923078
8 0.5037871995192308 0.6220165769230769 0.5337311033653847 0.6084623822115385 0.5528175240384615 0.5922902980769231 0.5611491009615385 0.5636101754807693 0.5571204543269231 0.5522517740384616 0.54025365625 0.5543227548076923 0.5085343846153847 0.564143920673077 0.47469814182692305 0.5781760360576923 0.4731954014423077 0.5981156442307692 0.48548664423076926 0.612410545673077 0.5037871995192308 0.6220165769230769
8 0.16781602163461537 0.7067298581730769 0.1813037235576923 0.6556860408653846 0.17177900480769231 0.5995657548076923 0.1625269110576923 0.567118108173077 0.14234834375 0.5636691971153847 0.13507524759615383 0.5902438413461538 0.13503992548076924 0.6435869350961538 0.14797906249999998 0.6953369639423077 0.16781602163461537 0.7067298581730769
8 0.8118271322115385 0.6316062572115384 0.8669004302884615 0.6189175769230769 0.8913819302884616 0.5823279663461538 0.9069176177884616 0.5586898197115384 0.9060644302884615 0.5410149927884615 0.8867743725961539 0.5018978149038461 0.8475638389423078 0.52257278125 0.806352329326923 0.5516212475961538 0.7880678942307693 0.5850511225961539 0.7772066850961538 0.596346923076923 0.7811326850961537 0.6175954759615384 0.8118271322115385 0.6316062572115384
8 0.44529948317307694 0.6390755120192307 0.4513777764423077 0.6027700216346153 0.42245869711538464 0.5924922740384615 0.4052839543269231 0.6242337091346154 0.4064097668269231 0.6655811730769231 0.41678933173076926 0.664306721153846 0.44529948317307694 0.6390755120192307
8 0.46421426682692307 0.664410201923077 0.4378900769230769 0.6538138389423077 0.4195205360576923 0.6758244302884615 0.4403469951923077 0.7167284711538462 0.46393998317307694 0.715807125 0.4820705625 0.6918503653846154 0.46421426682692307 0.664410201923077
8 0.9484304807692308 0.6693904615384615 0.9717934783653847 0.6469313774038461 0.9814199759615385 0.6037698149038462 0.9668610072115384 0.5915642403846154 0.9349371322115385 0.5898867211538461 0.903544889423077 0.6077343966346154 0.8843896250000001 0.6492673052884614 0.9098314639423077 0.6741298245192309 0.9285504759615384 0.6746300552884615 0.9484304807692308 0.6693904615384615
8 0.31278670192307695 0.7719010961538462 0.3350485793269231 0.7494125865384615 0.3400683894230769 0.7152125697115385 0.31715861778846155 0.7002459519230769 0.30278406490384613 0.7118884711538461 0.2747181706730769 0.719285548076923 0.2679229951923077 0.7497525336538462 0.285301375 0.773300358173077 0.31278670192307695 0.7719010961538462
8 0.4047690528846154 0.7487540264423077 0.38657114663461534 0.72925784375 0.3710017932692308 0.7311695192307692 0.3486036057692308 0.7418217091346153 0.3410915504807692 0.7664501850961538 0.3552608076923077 0.7745879687499999 0.3832240528846154 0.7770810432692308 0.4047690528846154 0.7487540264423077
8 0.8770969735576923 0.7426012355769231 0.8991249423076924 0.7294668317307693 0.9247582019230769 0.7117178725961538 0.9305632572115384 0.6797159759615384 0.9041375024038462 0.6683590600961539 0.8863278413461538 0.6705458100961538 0.8642998701923077 0.6836802139423077 0.8443988269230769 0.7028112860576923 0.8368275480769231 0.7204284567307693 0.8587826754807693 0.7406780625 0.8770969735576923 0.7426012355769231
8 0.36878051201923073 0.8203401826923076 0.39271510576923074 0.8114748557692307 0.37875114663461534 0.7835567740384615 0.3598700240384615 0.7799485576923076 0.34218370192307695 0.7860711826923077 0.32627274038461535 0.7959268413461539 0.3314961875 0.8170160865384616 0.3554644447115385 0.8298772283653846 0.36878051201923073 0.8203401826923076
8 0.7387225817307693 0.8085006706730768 0.7543945817307692 0.79669884375 0.7818462427884616 0.773573108173077 0.7898362163461539 0.7528369687500001 0.7850906875000001 0.7356400625 0.7666874855769231 0.7359241802884615 0.7390995144230769 0.74721359375 0.7154038798076924 0.7580250937499999 0.7021214711538462 0.789288608173077 0.7125347043269231 0.8097406298076923 0.7387225817307693 0.8085006706730768
8 0.8135717836538461 0.8254950480769231 0.8258660048076922 0.8010401490384615 0.8247128028846155 0.7803223269230769 0.8000532716346154 0.7833501370192307 0.7797559783653847 0.7879282716346154 0.750012798076923 0.8061818653846153 0.7673533701923076 0.8228261875 0.7951490985576922 0.8340148942307692 0.8135717836538461 0.8254950480769231