8 0.2646672764423077 0.3424607932692308 0.24049071634615385 0.3590927860576923 0.2309032908653846 0.3774125576923077 0.23023478125000002 0.4024563846153846 0.24168581009615384 0.4210930913461538 0.2607692668269231 0.4227833293269231 0.27438450961538463 0.4198893197115385 0.30781423798076923 0.39745947115384617 0.3170746298076923 0.38112472836538464 0.31415296153846156 0.36737936298076923 0.3070640048076923 0.35164650961538463 0.2989867163461538 0.3524056298076923 0.28140618028846154 0.3436916225961539 0.2646672764423077 0.3424607932692308
8 0.18465908894230768 0.3747911995192308 0.16739114903846156 0.3851659254807692 0.16398853124999999 0.4079176298076923 0.16729253846153844 0.43403259134615385 0.18005170913461538 0.44472917067307693 0.20303794230769232 0.45420967788461536 0.22765935576923077 0.45376503125 0.24037044711538463 0.43957009855769236 0.2382976298076923 0.42277102884615386 0.22574045192307693 0.4024539254807692 0.21780264423076925 0.38977477644230774 0.2016552932692308 0.3807561346153846 0.18465908894230768 0.3747911995192308
8 0.1288346778846154 0.37995273317307693 0.12289272836538462 0.4013286706730769 0.12307306971153846 0.4233187908653846 0.12983499278846153 0.4410366778846154 0.14461168269230767 0.4541776971153846 0.1585539591346154 0.44929865865384616 0.16332724278846153 0.42242457451923077 0.16359897596153847 0.4060849134615384 0.16316134134615384 0.37936068749999996 0.15594012259615386 0.3665292211538462 0.14082917788461538 0.3659101153846154 0.1288346778846154 0.37995273317307693
8 0.31010593990384616 0.28491456009615385 0.29271296394230767 0.2876537932692308 0.27296099519230765 0.31100737980769233 0.2696281177884615 0.32703994951923077 0.2777607019230769 0.3406354591346154 0.3053110024038462 0.3433992908653846 0.3290835673076923 0.3460083461538461 0.34914813221153845 0.3417434903846154 0.35658578365384613 0.32388067067307696 0.35463800480769236 0.31471709375 0.34878023317307694 0.30830012980769234 0.33179125 0.2917983125 0.31010593990384616 0.28491456009615385
8 0.4309934951923077 0.28986740384615384 0.4186791802884615 0.2953581682692308 0.4103998966346154 0.30573781490384616 0.4103854591346154 0.3268115793269231 0.4230123725961539 0.3404095480769231 0.44964408173076925 0.35294622115384616 0.4797962355769231 0.3609035673076923 0.49023251201923074 0.33953009134615386 0.4847787307692308 0.31387207932692307 0.47156748317307695 0.2975250360576923 0.4561992427884615 0.2921718269230769 0.44095603846153847 0.29445411057692306 0.4309934951923077 0.28986740384615384
8 0.3791776923076923 0.24341565625 0.3659520072115384 0.24814238221153848 0.351091141826923 0.2627942620192308 0.34123919711538464 0.2869168125 0.35653770192307693 0.2989891586538462 0.36962390865384614 0.30770070432692304 0.3825225600961539 0.30495901201923076 0.39073932211538465 0.29076162019230767 0.40267130288461533 0.27290125721153846 0.40508559375 0.26664152884615383 0.3970852644230769 0.2501446322115385 0.3791776923076923 0.24341565625
8 1 0.7697280673076924 0.9630910360576923 0.7124526322115384 0.9130414110576923 0.6770726057692307 0.8537381129807693 0.6520264951923077 0.8292594711538462 0.6676883149038461 0.8057839278846154 0.6726781971153847 0.7841465072115384 0.6940113389423076 0.7870927403846154 0.7540457163461538 0.8290283317307693 0.7974256658653847 0.8804906826923078 0.847147625 0.9392162788461539 0.8848670024038461 0.9887197331730769 0.8868951947115384 1 0.88548471875 1 0.7697280673076924
8 0.7917729014423076 0.26730113461538463 0.7703397163461538 0.2904501923076923 0.7661353485576924 0.3134233942307692 0.7731581634615385 0.3293618629807692 0.7837434519230769 0.33640853605769233 0.8000269495192308 0.3317852908653846 0.8178976586538462 0.31752802403846153 0.8319024663461538 0.2936337596153846 0.8281211802884615 0.2758442019230769 0.8080563966346154 0.2626778918269231 0.7917729014423076 0.26730113461538463
8 0.6957174831730769 0.3156082860576923 0.6882044879807693 0.32301562500000003 0.6719880913461539 0.3450558197115384 0.6787658173076923 0.3726671899038462 0.6969399543269231 0.3769387235576923 0.71686178125 0.36805588701923075 0.7303093125 0.35009047355769235 0.7364130817307692 0.3232272980769231 0.7325559375 0.30080554326923076 0.7082867884615385 0.3106124350961539 0.6957174831730769 0.3156082860576923
8 0.7229480336538461 0.3667622139423077 0.7076010985576923 0.38861759615384617 0.7181017740384615 0.4038168221153846 0.7349337884615385 0.40604947115384615 0.7514536129807692 0.40253807451923074 0.7659223221153847 0.3936522524038461 0.7713841971153846 0.38087048317307687 0.7787454783653847 0.36419874759615384 0.7729889302884616 0.3456669639423077 0.7500706658653846 0.34472798798076926 0.7229480336538461 0.3667622139423077
8 0.3364185745192308 0.35246887740384614 0.31720574038461535 0.3646872572115385 0.32793398557692305 0.3937830817307692 0.3446726225961539 0.41695303125 0.36450983413461535 0.4162227451923077 0.38435580288461535 0.4027077091346154 0.3904595721153846 0.3758445336538462 0.3763293293269231 0.3521201490384615 0.3558677403846154 0.34136234615384614 0.3364185745192308 0.35246887740384614
8 0.4492651875 0.25062317548076923 0.43147909375000004 0.2567278894230769 0.4161321610576923 0.2785832716346154 0.4066351466346154 0.2980331346153846 0.4266328317307692 0.2937824975961539 0.4527926274038461 0.2928703846153846 0.47831928605769225 0.29325493028846156 0.49413012019230773 0.2864079903846154 0.5097892403846154 0.2702966514423077 0.4924087067307692 0.2612081105769231 0.47526450721153846 0.2532314158653846 0.4654640673076923 0.25415248076923075 0.4492651875 0.25062317548076923
8 0.3016895721153846 0.4028477451923077 0.2887993197115385 0.41488430048076924 0.27417013701923076 0.4272904735576923 0.28190194471153845 0.44656448317307695 0.3048960649038462 0.4521356586538462 0.3285320817307692 0.4436254254807693 0.34687545432692307 0.43159185817307694 0.3455420865384615 0.41676822355769233 0.3313272259615384 0.40119639182692307 0.32081779567307694 0.39878191586538464 0.3016895721153846 0.4028477451923077
8 0.52393965625 0.8413568125 0.5129400456730769 0.8622881442307692 0.5136315192307692 0.8911931875 0.519075875 0.903980923076923 0.5359078894230769 0.9062135721153847 0.5525881899038462 0.8991818197115384 0.5600253245192308 0.8871422836538462 0.5596460408653846 0.8639812860576923 0.5507325817307692 0.8391480408653845 0.5370662379807692 0.8304321057692309 0.52393965625 0.8413568125
8 0.5557188245192308 0.9438375360576923 0.5621756033653846 0.9784896105769231 0.5758419471153846 0.9872055480769231 0.5862755216346154 0.9849878245192307 0.5865293701923077 0.9605301682692308 0.5769827788461538 0.9369935817307693 0.5694873028846155 0.9188314230769231 0.5466536538461538 0.909739891826923 0.5557188245192308 0.9438375360576923
8 0.4578340745192308 0.8937566538461539 0.4665870576923077 0.92211025 0.4939285048076923 0.9267573725961539 0.509587625 0.9106460360576923 0.5035188894230769 0.8863702067307693 0.49136390384615386 0.8633880528846153 0.46568553125 0.8537391081730769 0.4453668990384615 0.8650304519230769 0.4578340745192308 0.8937566538461539