8 0.6418237403846153 0.6679609110576923 0.6390911153846154 0.6971472403846154 0.6404327403846154 0.7504657163461539 0.6622144399038461 0.7718335745192307 0.685666829326923 0.7488287043269231 0.6890560649038461 0.7119661346153846 0.686613610576923 0.677037423076923 0.6625629519230769 0.6573542908653847 0.6418237403846153 0.6679609110576923
8 0.5717941129807692 0.8269904735576923 0.5741109278846154 0.8771886274038461 0.5869229855769231 0.90681403125 0.6110992860576923 0.9112277235576923 0.6276386057692308 0.8917583942307693 0.6273589158653846 0.8536263149038461 0.6181095889423076 0.82375178125 0.5942713149038462 0.8071059302884614 0.5717941129807692 0.8269904735576923
8 0.6118636105769231 0.7173639567307692 0.5997560144230769 0.7319451947115384 0.5889032956730769 0.7815381850961539 0.5970712403846153 0.8130144014423077 0.6259978461538461 0.8170959182692308 0.6382116346153845 0.8040333245192308 0.6503386778846154 0.7726640096153846 0.6452024903846154 0.7333454615384615 0.6239517596153846 0.7195708028846154 0.6118636105769231 0.7173639567307692
8 0.6847799110576923 0.5825495889423077 0.6662902139423077 0.6082595600961539 0.6630071730769231 0.6466407692307693 0.6770262524038462 0.6593950480769231 0.6934399350961539 0.6551951634615385 0.711166829326923 0.6356427908653846 0.7092553461538462 0.6083072764423076 0.7045439326923078 0.5750632884615384 0.6847799110576923 0.5825495889423077
8 0.6668900048076923 0.46324139903846157 0.6617822259615385 0.4925938125 0.6620619158653847 0.5307258918269231 0.6726050120192307 0.5620360216346154 0.6869621225961539 0.5625581394230769 0.7014837644230769 0.5142346586538461 0.6984908966346153 0.4885008269230769 0.6814789471153847 0.4500127139423077 0.6668900048076923 0.46324139903846157
8 0.6193286153846155 0.516927375 0.6288965264423076 0.5513578269230769 0.6438713509615385 0.5777798653846153 0.6588656201923077 0.5874138221153846 0.6704422475961539 0.5652393870192308 0.6645627067307692 0.5152903653846154 0.6475313100961538 0.49359033413461534 0.6232488173076922 0.48765800480769234 0.6193286153846155 0.516927375
8 0.5978161177884616 0.6359387163461538 0.5885951971153847 0.6747351442307692 0.6050761778846154 0.7056300576923077 0.6267711322115385 0.7086911947115385 0.6372858245192308 0.6713303629807693 0.6448749495192309 0.6433305024038461 0.61488640625 0.6240625889423076 0.5978161177884616 0.6359387163461538
8 0.5659250528846154 0.6747943293269232 0.5583359302884616 0.7027941923076924 0.5567714326923077 0.7486855576923077 0.5677587548076923 0.7692821658653847 0.5880537451923077 0.7693890673076923 0.5941367115384616 0.7369163293269231 0.600644454326923 0.7105181490384616 0.5889137788461538 0.6792910649038462 0.5659250528846154 0.6747943293269232
8 0.6073241682692307 0.9084395721153846 0.5898291057692308 0.9142411418269231 0.5782524783653846 0.9364155769230769 0.5892398004807693 0.9570121850961539 0.6183787908653847 0.9641309807692308 0.6412807668269231 0.9503209951923076 0.6497194423076924 0.93447025 0.6440328389423077 0.9043465865384616 0.6281695745192307 0.8993515913461538 0.6073241682692307 0.9084395721153846
8 0.5999200288461538 0.058925278846153846 0.5926656033653847 0.08791911298076924 0.5843897908653847 0.12885376923076922 0.6169509158653846 0.14319402884615384 0.6369715360576923 0.11093361778846153 0.6442562091346153 0.055824990384615386 0.6231095096153846 0.045434314903846154 0.5999200288461538 0.058925278846153846
8 0.1966981298076923 0.4990962427884615 0.18592154567307692 0.5062592908653847 0.17692901682692305 0.5389354855769231 0.18993566586538463 0.5636638725961538 0.21476326442307692 0.5603253870192307 0.23359951201923077 0.5429845432692308 0.24032113701923075 0.5136718822115385 0.22911896153846156 0.49682915865384614 0.20861016346153846 0.4902514278846154 0.1966981298076923 0.4990962427884615
8 0.11464251923076924 0.4904128125 0.12290477403846153 0.5010516394230768 0.13490789182692306 0.5114288822115385 0.15519368269230768 0.51481746875 0.17639192067307694 0.5133351442307692 0.17142451682692308 0.4960564423076923 0.15127064903846155 0.4766349423076923 0.12588553365384614 0.4720005673076923 0.11464251923076924 0.4904128125
8 0.17223487019230768 0.5793229519230769 0.17163651682692307 0.6066050600961538 0.18816102403846152 0.6278827163461538 0.22407929567307694 0.6397923870192308 0.22759715384615384 0.6363416562499999 0.22547859134615383 0.6060447956730769 0.2121374326923077 0.5765326923076923 0.1888002139423077 0.5653456394230769 0.17223487019230768 0.5793229519230769
8 0.14498402884615386 0.6196853653846154 0.1464335721153846 0.640414798076923 0.1597747307692308 0.6699268990384616 0.18923521875 0.6790834038461538 0.19549041346153845 0.6610199423076922 0.18736008173076923 0.6343481995192307 0.1608599326923077 0.6137681081730769 0.14498402884615386 0.6196853653846154
8 0.5656146586538461 0.4348422355769231 0.562724983173077 0.48311536538461536 0.5647524615384616 0.4941901730769231 0.5919828846153846 0.4714552403846154 0.6076766201923077 0.4270938701923077 0.5886377836538462 0.4236180889423077 0.5656146586538461 0.4348422355769231