8 0.6849721706730769 0.3843353221153846 0.6939460697115384 0.4008291923076923 0.7269792524038461 0.4238390528846154 0.7405419134615384 0.4269702403846154 0.7596519615384616 0.4256133125 0.7714265024038462 0.40717929326923075 0.7711951706730769 0.38212761298076925 0.7619289278846153 0.36364330769230774 0.7380463197115384 0.34659190865384615 0.7212884831730769 0.34753041826923076 0.7035585432692308 0.35593627403846156 0.6954957355769231 0.35503630288461535 0.6881332836538461 0.3706430408653846 0.6849721706730769 0.3843353221153846
8 0.7606446586538461 0.4441104639423077 0.7731060769230769 0.4585250721153846 0.7977159783653847 0.4593993533653846 0.8208641706730769 0.4503214567307693 0.8338080793269231 0.4398491826923077 0.8375673509615384 0.41379586298076926 0.8345623221153846 0.3909882403846154 0.817478076923077 0.38031372596153845 0.8003803605769231 0.38598112740384616 0.7840780697115384 0.39471658653846153 0.7759201899038461 0.40725526923076927 0.76301034375 0.42735012740384615 0.7606446586538461 0.4441104639423077
8 0.837975358173077 0.42831213942307694 0.8422788966346153 0.45526543509615386 0.8561338990384615 0.4603870576923077 0.8711376826923077 0.44750593028846153 0.8782077932692308 0.42990875240384613 0.8787718870192307 0.4079251274038462 0.8732039038461538 0.38644874519230765 0.8614563100961538 0.3721989326923077 0.8463368629807693 0.37255422355769235 0.8388928028846153 0.3852577067307692 0.8379888317307693 0.4119702259615385 0.837975358173077 0.42831213942307694
8 0.6535908485576923 0.3444003221153846 0.6735779278846153 0.3490147019230769 0.6973924038461538 0.34682093269230774 0.7249867427884615 0.3445383413461538 0.7333553653846153 0.33108683653846155 0.7303028004807692 0.3149985432692307 0.7109614182692308 0.2913037908653846 0.6936188966346154 0.2882614278846154 0.6718167524038462 0.2947656706730769 0.654542360576923 0.3109684759615385 0.6485734879807693 0.3172822307692308 0.6464660817307692 0.3264104182692308 0.6535908485576923 0.3444003221153846
8 0.5125665865384615 0.3397249975961539 0.5226282548076923 0.36127735817307693 0.5529146899038462 0.35384744951923075 0.5797611394230769 0.3417774735576923 0.5926234471153846 0.32840194471153844 0.5929768004807692 0.30733113942307694 0.5848799278846154 0.29680857932692306 0.5726633149038461 0.2911037379807692 0.5626222379807693 0.295515875 0.5474211899038461 0.29296790865384614 0.5319618629807692 0.2980520889423077 0.5184673293269231 0.31416607451923073 0.5125665865384615 0.3397249975961539
8 0.6208634807692307 0.30703898076923075 0.6337123197115384 0.31000537019230767 0.6469485697115385 0.30152353605769233 0.6624554375 0.28972002403846153 0.6530259879807693 0.2654292067307692 0.6384230985576923 0.2505202019230769 0.6252819206730769 0.245563375 0.6072596394230769 0.2519787956730769 0.5989726177884616 0.26833355528846153 0.6012772932692307 0.27463446394230767 0.61289575 0.29270035096153846 0.6208634807692307 0.30703898076923075
8 0 0.8776496754807692 0.004602449519230769 0.8783069326923076 0.054133759615384615 0.8771430048076923 0.11350870432692307 0.8404542740384616 0.16583098798076923 0.79163803125 0.20851727644230772 0.7489965649038461 0.21251080288461538 0.6890227475961539 0.19124899278846152 0.6673152307692308 0.16786411298076923 0.66191640625 0.1436625360576923 0.6458297596153847 0.08393115384615385 0.6698370721153846 0.033271685096153844 0.7043382211538461 0 0.7540422355769232 0 0.8776496754807692
8 0.20295449759615383 0.32657471875 0.21915482692307692 0.33148144471153845 0.22986148557692307 0.32462058413461536 0.2371613942307692 0.3088071105769231 0.23335860576923076 0.2857640288461539 0.2123326923076923 0.26224443750000004 0.19613236298076925 0.2573377115384615 0.1758408533653846 0.2701518389423077 0.17174967067307692 0.2878726923076923 0.18533533413461536 0.31200773798076925 0.20295449759615383 0.32657471875
8 0.2854739903846154 0.36429122115384616 0.30523775721153845 0.3735203894230769 0.32348367548076923 0.36956668990384617 0.33074225240384614 0.3420778125 0.31491297836538457 0.31975795913461535 0.30753040625 0.31222062740384615 0.2950502043269231 0.30700617548076925 0.27095590384615387 0.29677722115384614 0.26670803365384615 0.3191282451923077 0.2723420456730769 0.3460938533653846 0.2854739903846154 0.36429122115384616
8 0.23597420432692306 0.38902746394230764 0.2502856298076923 0.3981644471153846 0.26674165625 0.4019636201923077 0.28361007211538464 0.4000250721153846 0.2943744110576923 0.3850114206730769 0.2794112403846154 0.3628915264423077 0.2526772908653846 0.3403873004807692 0.2297461298076923 0.34092615625 0.22366703365384616 0.3593546514423077 0.23073623317307693 0.37615231971153845 0.23597420432692306 0.38902746394230764
8 0.6369316442307693 0.4186001346153846 0.6567530889423078 0.4196765168269231 0.6738935504807693 0.39680222355769235 0.685127951923077 0.36789806490384613 0.6661312836538461 0.35534623557692313 0.6468789158653846 0.3439019615384616 0.6262326947115385 0.35430102403846153 0.6116905576923076 0.3777751850961539 0.6173245697115385 0.40474079567307697 0.6369316442307693 0.4186001346153846
8 0.5095966802884615 0.28654296634615384 0.525285610576923 0.2936647980769231 0.55081509375 0.29372581490384614 0.576954985576923 0.2950943389423077 0.5968754399038462 0.29969333653846153 0.5877193221153847 0.28008068990384616 0.5727561538461539 0.2579607956730769 0.5550793125 0.25154660096153847 0.5388213028846154 0.2547926610576923 0.5290384302884615 0.25370069471153844 0.5117576298076923 0.2613769663461538 0.49422112500000004 0.2701607908653846 0.5095966802884615 0.28654296634615384
8 0.6724256754807693 0.4466265408653846 0.6959095673076923 0.45554798317307693 0.7189974158653847 0.4503789567307692 0.7270644254807692 0.43124282211538467 0.7126539879807693 0.4185832235576923 0.6999757644230769 0.4063235360576923 0.6809214134615384 0.40192449278846154 0.6703714471153847 0.40415518509615384 0.6558869855769232 0.4194765625 0.654295110576923 0.4342746682692308 0.6724256754807693 0.4466265408653846
8 0.4404531370192308 0.8982032331730768 0.4570081754807692 0.9055250240384616 0.4738765889423077 0.9035864735576923 0.47954329567307696 0.8908957043269231 0.480739125 0.8620071322115385 0.47010649278846156 0.840887016826923 0.4571725697115384 0.8297348822115385 0.4433561947115384 0.8382109831730769 0.43401069471153847 0.8628848846153846 0.43322725240384613 0.8860357331730769 0.4404531370192308 0.8982032331730768
8 0.4052734158653846 0.9834082427884615 0.4156666947115385 0.98580771875 0.42948306971153843 0.9773316201923077 0.4365436298076923 0.9427975096153846 0.4462025048076923 0.9088632692307693 0.42321366346153844 0.9175549110576923 0.4154023581730769 0.9355834903846154 0.4054464495192308 0.9589498822115385 0.4052734158653846 0.9834082427884615
8 0.4832470745192308 0.9104161658653845 0.4986226274038461 0.9267983389423077 0.5260410120192307 0.9226290961538461 0.5352875024038461 0.8944325793269231 0.5482541201923077 0.8659283341346153 0.5281356442307692 0.8542841009615384 0.5022927836538462 0.8634834254807693 0.4897385552884615 0.8862499471153846 0.4832470745192308 0.9104161658653845