14 0.5816631995192307 0.5475058245192308 0.5850524230769231 0.5520661153846154 0.5925369086538461 0.5622118341346154 0.6025635985576924 0.5753272596153847 0.6162705865384616 0.5797174014423077 0.6176906490384616 0.5691533004807693 0.6254696346153845 0.5606072836538462 0.6174178052884615 0.5536059663461539 0.6079516201923076 0.5481584735576923 0.5950950697115385 0.53995275 0.5837904423076923 0.5361648125 0.5816631995192307 0.5475058245192308
14 0.6065919759615385 0.46321359375 0.5957080072115384 0.4647260889423077 0.5778966346153847 0.4691669639423077 0.5682769278846154 0.48297664903846155 0.5708168509615384 0.4895504639423077 0.5774543149038461 0.49810560096153844 0.5890443245192307 0.49761825000000004 0.6030423942307692 0.48872282211538465 0.6115342596153847 0.4703896129807692 0.6065919759615385 0.46321359375
14 0.5238153822115384 0.6117779350961539 0.5194301778846154 0.6176760120192307 0.5147584567307693 0.6296514375 0.5099411923076923 0.6482696466346154 0.5114862740384616 0.6634997716346154 0.5186922211538462 0.6671084423076923 0.5290088485576923 0.6687403557692307 0.5325481706730769 0.6594496346153846 0.5324197283653846 0.6390615721153845 0.5311634471153847 0.6141499903846154 0.5238153822115384 0.6117779350961539
14 0.5995437379807692 0.6571599375 0.6016595817307693 0.6638394879807692 0.6073090432692307 0.6702385985576923 0.6184692740384615 0.6788672620192308 0.6317521826923076 0.6833631394230769 0.6359952668269231 0.6787016778846154 0.6319011418269231 0.6713141875 0.6235684975961538 0.6613799375 0.6141057283653846 0.6505262716346153 0.6067599447115385 0.6445501033653845 0.603079639423077 0.6532753846153846 0.5995437379807692 0.6571599375
14 0.65548471875 0.7026707620192307 0.648558454326923 0.7037970841346154 0.6444495120192308 0.7198363269230769 0.6426042307692307 0.7323082211538462 0.6427360937500001 0.7472901105769231 0.6459831947115385 0.753087016826923 0.6507867788461539 0.756093483173077 0.652628641826923 0.7490277572115385 0.6564499230769231 0.7408679158653846 0.6612603461538461 0.7330620432692307 0.6670610504807691 0.7238080889423077 0.6649486274038462 0.7117223701923077 0.6577426826923076 0.7081136971153845 0.65548471875 0.7026707620192307
14 0.6297188533653847 0.2965200240384615 0.6261408028846154 0.31446272596153846 0.6317701923076923 0.3427398221153846 0.6467924158653846 0.32320677403846154 0.6528988774038461 0.30210765624999997 0.6549849735576923 0.29337798798076925 0.6432455288461539 0.2918844375 0.6359651610576923 0.2892791129807692 0.6297188533653847 0.2965200240384615
14 0.6246320697115385 0.35020308653846155 0.6209129735576924 0.35618238942307695 0.6222459014423076 0.36342809374999996 0.6280295216346155 0.38282568990384613 0.64094646875 0.40233925721153846 0.6498586346153845 0.40958975480769233 0.649278875 0.3863686802884615 0.6467612524038462 0.3724718149038461 0.6388987259615385 0.35043502884615385 0.6310218197115385 0.3511359567307692 0.6246320697115385 0.35020308653846155
14 0.6071767596153846 0.3772111850961538 0.6015475240384616 0.38259904086538465 0.5966423533653846 0.3962177355769231 0.5939228317307692 0.4132758149038462 0.5943275817307693 0.43221114663461535 0.6044345480769231 0.4301338990384615 0.6166366875 0.40982613221153846 0.6218536129807692 0.3974578197115385 0.6235263870192308 0.38818668028846154 0.6147787596153846 0.38239904807692304 0.611656170673077 0.3778651538461538 0.6071767596153846 0.3772111850961538
14 0.5596698389423077 0.37710299519230767 0.5558122572115385 0.3816064278846154 0.5501880625 0.37902436538461537 0.5446652668269231 0.38084405528846155 0.5483024086538462 0.39543183653846153 0.5523569038461539 0.4090301490384615 0.5589121610576924 0.42200495432692303 0.5613056442307692 0.4262779302884615 0.5701597091346154 0.42849739903846157 0.5719406057692308 0.4130014543269231 0.5704907908653847 0.39919642307692305 0.5644626875 0.3763507091346154 0.5596698389423077 0.37710299519230767
14 0.6399454855769231 0.4540400841346154 0.630255875 0.45512786778846154 0.6235849326923077 0.46033274759615384 0.6190979591346154 0.47163365384615386 0.6151322572115384 0.4823618894230769 0.6124169350961538 0.4927783701923077 0.6182472860576923 0.49885066105769227 0.6228331370192308 0.4959364639423077 0.6330473846153846 0.4889627331730769 0.639823923076923 0.4815180096153846 0.6453509182692307 0.47305671634615387 0.6454598798076923 0.46550359375 0.6417120985576923 0.46112557932692305 0.6399454855769231 0.4540400841346154
14 0.6596825673076924 0.51850328125 0.6519428004807692 0.5257345288461539 0.652671360576923 0.5573619423076923 0.6663804807692307 0.5804514278846153 0.6708846658653846 0.56024296875 0.6714045841346153 0.5272439759615385 0.6596825673076924 0.51850328125
14 0.5455365096153846 0.501266233173077 0.5640981802884615 0.5008448750000001 0.5674838966346154 0.4954435841346154 0.5650139735576923 0.487646233173077 0.56683159375 0.48333701201923074 0.5620516658653846 0.4757650600961538 0.5528143028846154 0.4724594110576923 0.5419252259615385 0.47201942548076925 0.5357351177884616 0.47671773076923074 0.5288077620192307 0.47318668028846156 0.5254227091346154 0.4775361586538462 0.5277293894230769 0.4825698221153846 0.5359719951923076 0.4934850144230769 0.5455365096153846 0.501266233173077
14 0.4473251442307692 0.4986403125 0.4440348557692308 0.5080491225961539 0.44137660817307695 0.5167635649038462 0.4390943269230769 0.5302152716346155 0.43959018028846153 0.545121423076923 0.44299628125 0.5523238557692308 0.44741548557692307 0.55551625 0.45045071634615386 0.5499284807692308 0.4515928774038462 0.5415920384615385 0.4525968076923077 0.5520772884615385 0.4553718870192308 0.5583634975961538 0.4598022980769231 0.5438394230769231 0.4581765096153846 0.51794265625 0.45591358653846153 0.5007931947115385 0.4473251442307692 0.4986403125
14 0.45845092548076927 0.4835204519230769 0.45794081009615384 0.49116252884615386 0.46084290624999996 0.49634350961538465 0.45717563461538463 0.5026256442307692 0.46083475721153844 0.5092282139423077 0.46702103124999994 0.5146639158653846 0.48495698076923077 0.5171700961538461 0.49961181009615385 0.5145897908653846 0.5027740600961539 0.5078967980769231 0.4952007548076923 0.4985126971153846 0.48509928125 0.4919060504807692 0.4686834951923077 0.48257951923076925 0.45845092548076927 0.4835204519230769
14 0.5755907716346154 0.5968585697115384 0.5694069519230769 0.6097323485576923 0.5660288125 0.6248886923076923 0.5670065552884616 0.6323983701923077 0.5747258629807692 0.6328594110576924 0.5793526899038461 0.6406521105769231 0.5873587884615384 0.6314989278846154 0.5856855673076923 0.6140235120192308 0.5838734759615385 0.5941970384615385 0.5755907716346154 0.5968585697115384
14 0.6274964567307693 0.6381912403846154 0.6293176009615385 0.6437013798076923 0.6244039783653845 0.6455229014423077 0.6255217235576923 0.6535940961538462 0.6316953557692307 0.6568261971153846 0.6424992139423077 0.6624823701923077 0.6572344206730769 0.6659655096153846 0.6686028100961539 0.6667095721153846 0.6694484759615384 0.6611309447115384 0.6658039182692307 0.6536897548076923 0.6555634615384616 0.6449110096153846 0.645461875 0.6384833197115385 0.6325534735576923 0.6315626057692308 0.6274964567307693 0.6381912403846154
14 0.7549355456730769 0.6451844014423076 0.7606914375 0.6431528798076923 0.7633639110576923 0.6341366754807692 0.7722077524038462 0.6319316586538462 0.7715111418269232 0.6237554663461539 0.7667454447115385 0.6136117091346154 0.7555215841346155 0.6062709927884615 0.7476656754807693 0.5998798125 0.7402275048076923 0.5987522548076923 0.7339138725961539 0.594958641826923 0.7306813942307693 0.6017287884615384 0.7432962091346155 0.6290009783653846 0.7549355456730769 0.6451844014423076
14 0.6761405961538463 0.5103574278846155 0.6747326610576923 0.5172690889423077 0.67234471875 0.5202501490384616 0.6699567740384615 0.5232312067307693 0.6707922548076923 0.5337584591346154 0.6764013533653846 0.5419026730769231 0.6841172620192307 0.5477323389423077 0.6977268004807692 0.5556710769230769 0.7058661081730769 0.5578166610576922 0.7040494879807693 0.5451483557692307 0.6957792355769231 0.5281249254807693 0.6849833052884615 0.5099419567307693 0.6761405961538463 0.5103574278846155