14 0.4045837139423077 0.6015460673076923 0.4149086394230769 0.6067367235576924 0.42002021875 0.6160902596153846 0.4312435096153846 0.6070795625 0.4359040817307692 0.591242014423077 0.4392555480769231 0.57908796875 0.44078539903846153 0.5736159807692307 0.43473519471153843 0.5637905697115385 0.42553888942307694 0.5713781298076923 0.4164769350961538 0.5836462091346154 0.40959169471153845 0.5921242596153846 0.4045837139423077 0.6015460673076923
14 0.43014199519230767 0.5156230072115384 0.4301573725961539 0.5085755961538462 0.41622765384615384 0.4991305384615385 0.3980078389423077 0.5013676490384615 0.38730475 0.5038560793269231 0.3852623846153846 0.5123266249999999 0.3997602596153846 0.5263989399038461 0.41601642067307687 0.5296870769230769 0.42701127644230774 0.5259885697115385 0.43014199519230767 0.5156230072115384
14 0.5424356177884616 0.6627078653846153 0.5478697163461539 0.6567565000000001 0.5438541850961538 0.6419842451923077 0.5326847139423078 0.6263290024038461 0.5240316778846154 0.6168231754807691 0.5178240552884615 0.6128883629807692 0.5118141129807692 0.6177361778846154 0.5195687860576923 0.6414433533653846 0.5267553028846154 0.6605232788461539 0.5333890408653846 0.6679285336538462 0.5424356177884616 0.6627078653846153
14 0.4382531899038461 0.7072047139423077 0.4370784350961538 0.715568733173077 0.4427102139423077 0.7183999975961538 0.4534996995192308 0.7094425673076923 0.46082643509615384 0.6973875456730769 0.46380742548076925 0.689388875 0.463389 0.6823947259615385 0.4586958509615385 0.6800353389423077 0.45213312980769227 0.6732084903846154 0.4474169158653846 0.68142021875 0.4424722668269231 0.694944139423077 0.4382531899038461 0.7072047139423077
14 0.4402607548076923 0.7809362091346154 0.44675245432692307 0.7871846538461539 0.451004110576923 0.7931210120192307 0.45441122115384613 0.7885927836538461 0.4553652259615385 0.7820172475961538 0.4501193004807692 0.7679831947115384 0.44392705528846155 0.7570009663461538 0.43434307932692306 0.7434995576923077 0.4274732163461538 0.7449301971153847 0.4273157980769231 0.7508207956730769 0.42188170192307695 0.7567721610576924 0.42424071875 0.7688121754807693 0.4329724639423077 0.775372701923077 0.4402607548076923 0.7809362091346154
14 0.29960044711538464 0.38755500240384616 0.3206249182692308 0.40040718990384616 0.31574680288461543 0.3719908533653846 0.30597631490384614 0.35652215625 0.2975499735576923 0.35200065865384617 0.29168683173076926 0.3570419903846154 0.28126235576923075 0.3626433798076923 0.2863383269230769 0.37004563701923077 0.29960044711538464 0.38755500240384616
14 0.32769477644230766 0.4692992980769231 0.3334166538461538 0.4593365384615385 0.33848262740384616 0.4364900336538462 0.336930625 0.41630815625 0.33557839182692306 0.4090660264423077 0.3299635264423077 0.4048166730769231 0.32433249278846155 0.4079774639423077 0.3167275745192307 0.41014592307692305 0.3172845528846154 0.4335367115384615 0.3199143413461538 0.4474127884615384 0.32769477644230766 0.4692992980769231
14 0.35879484615384616 0.45761429086538463 0.3774641778846154 0.47220037259615383 0.387644264423077 0.4705176346153846 0.38123631490384613 0.45269493028846153 0.37258435336538465 0.43774443028846155 0.36312447836538464 0.4267881394230769 0.35593830048076924 0.4237754807692308 0.3519907692307692 0.4259912908653846 0.35070038221153843 0.43134308173076924 0.34460787259615383 0.4398811730769231 0.34949202163461535 0.4479370576923077 0.35879484615384616 0.45761429086538463
14 0.416346625 0.4531444975961539 0.4170498341346154 0.4482975817307692 0.41851993990384617 0.4338353653846154 0.4174319375 0.41968724519230766 0.41559970913461536 0.40476494230769233 0.4097916153846154 0.40504530769230773 0.4054663076923077 0.4094714038461538 0.40025106009615385 0.40664951923076925 0.39550695432692307 0.40766480528846155 0.39806640625 0.43115339423076926 0.4016601682692308 0.4445610673076923 0.40887602644230764 0.45838956249999996 0.416346625 0.4531444975961539
14 0.3718341634615384 0.5373757427884616 0.38386914663461535 0.5402258221153846 0.38919476201923076 0.5413030360576923 0.3924617475961538 0.53354465625 0.38619384375000004 0.5247931177884616 0.3786468870192307 0.516198625 0.3704080528846154 0.5072563076923077 0.36231493028846157 0.5047877860576923 0.3528790745192308 0.5072446995192308 0.3537690120192308 0.5144926754807693 0.3518390961538461 0.5199229879807692 0.35464761778846154 0.5269353894230769 0.3628397692307692 0.5328539879807692 0.3718341634615384 0.5373757427884616
14 0.3673716057692307 0.5784766826923077 0.3575544639423077 0.5744994134615384 0.3497434038461539 0.5868603533653846 0.36205456971153843 0.6174812451923077 0.37350165384615386 0.6347333100961539 0.37802568750000004 0.6082645096153846 0.3673716057692307 0.5784766826923077
14 0.4582947740384615 0.49107044951923073 0.45083208894230775 0.48890253846153847 0.4408239375 0.49321559855769226 0.43338475480769234 0.4996120625 0.4316358533653846 0.5083940625 0.43487703125000005 0.5117656899038462 0.43536548317307694 0.5199302860576923 0.44046197115384617 0.5237594903846154 0.45794178365384614 0.5175009567307692 0.46408248798076923 0.5068089495192308 0.46786596874999997 0.49366485096153845 0.4682155360576923 0.48813888221153845 0.46349660336538456 0.4852913894230769 0.4582947740384615 0.49107044951923073
14 0.5629175216346154 0.5316305528846154 0.5600971971153846 0.5214819519230769 0.5641510072115385 0.5288553774038461 0.5689871177884616 0.5329842788461538 0.5719687475961538 0.5284202211538461 0.5725674975961538 0.5204755336538461 0.5676885288461538 0.5063817451923077 0.5607371754807692 0.49464139182692307 0.5551325120192308 0.4874583870192308 0.5486889471153846 0.4798536418269231 0.54144246875 0.48494135336538463 0.5454756658653847 0.5017627163461539 0.5532384326923077 0.5265220576923076 0.5625795384615384 0.5384937331730769 0.5629175216346154 0.5316305528846154
14 0.505590920673077 0.5134816274038462 0.5201970817307692 0.5106387283653846 0.5360435985576923 0.5018713389423077 0.539871 0.49457971153846153 0.5409209375 0.4871043701923077 0.5352459278846153 0.48255372596153845 0.5360985697115385 0.47667684374999997 0.5328836610576922 0.4697251610576923 0.5229935336538462 0.47251375 0.51101040625 0.48710370673076925 0.5039474783653847 0.49689158894230767 0.5002401514423077 0.5083664302884615 0.505590920673077 0.5134816274038462
14 0.47784995192307694 0.650814298076923 0.4848913221153846 0.6476175288461538 0.4831128966346154 0.640256247596154 0.47452758653846155 0.6273171995192308 0.46414094230769226 0.6175145745192308 0.4554545625 0.617998076923077 0.4608680048076923 0.6371570793269231 0.46556854567307693 0.6540714134615384 0.47632309134615386 0.6597475192307692 0.47784995192307694 0.650814298076923
14 0.3995503846153846 0.7111535985576923 0.4023390841346154 0.7160586346153845 0.41268574278846154 0.7112899278846154 0.4251939975961539 0.7027575120192308 0.4332532764423077 0.6936052620192308 0.43785857932692307 0.6883754038461538 0.436009625 0.6804397307692308 0.4307695889423077 0.680500079326923 0.4304951153846154 0.67470328125 0.42339849278846153 0.6703271899038461 0.4138276225961538 0.6814141899038462 0.4067004591346154 0.6910350408653846 0.4002861899038462 0.7029005576923077 0.3995503846153846 0.7111535985576923
14 0.3045778942307692 0.6820012788461539 0.29953416826923074 0.6907832644230769 0.29168646875 0.7016586850961539 0.2908725048076923 0.7128365721153845 0.29315225 0.7207193485576924 0.30219889182692306 0.7196085600961539 0.30792498076923075 0.7270681826923078 0.31402660096153845 0.7269020456730769 0.3190932379807692 0.7076223533653846 0.3210967019230769 0.6776408245192307 0.3156527211538461 0.672478764423077 0.3111179471153846 0.6782830120192307 0.3045778942307692 0.6820012788461539
14 0.3353568605769231 0.6228323774038462 0.34521746875 0.6105437019230769 0.3503317235576923 0.6023361057692308 0.3526496442307692 0.5927227067307692 0.3496570024038462 0.5825952620192308 0.3463593485576923 0.5806679663461538 0.34306169471153847 0.5787406682692308 0.33927035817307694 0.5727926370192308 0.3308660841346154 0.5755737043269231 0.32730340865384616 0.5964178822115385 0.32568311538461536 0.6152744182692308 0.32852706971153844 0.6277523197115384 0.3353568605769231 0.6228323774038462