14 0.5799843365384615 0.4193999711538462 0.5933374471153846 0.4106428966346154 0.591600125 0.3925597283653846 0.5736857884615385 0.38434843028846155 0.5600537884615384 0.3771278822115385 0.5409970913461538 0.38491901201923073 0.524146641826923 0.3969336322115385 0.5281088004807692 0.42030546153846154 0.5558417211538461 0.4208868798076923 0.5799843365384615 0.4193999711538462
14 0.6111279254807692 0.5339302932692308 0.6117496850961538 0.48810296394230773 0.6033750432692307 0.45628416346153844 0.5909411778846153 0.4362567067307692 0.5796641610576923 0.4417810456730769 0.5830086586538461 0.4704911514423077 0.5865018990384615 0.50772265625 0.6026190336538462 0.5351443149038462 0.6111279254807692 0.5339302932692308
14 0.5321888028846155 0.5726006586538461 0.54292253125 0.5766752980769231 0.5582587716346153 0.5593596153846154 0.5712772139423077 0.5314293894230769 0.574328329326923 0.5026076514423077 0.5775095961538461 0.4812421322115385 0.5659350937500001 0.4697236730769231 0.5485227620192308 0.49027209615384615 0.54180696875 0.5127648076923077 0.5357832067307693 0.5341799399038462 0.5321888028846155 0.5726006586538461
14 0.623163141826923 0.6125671730769231 0.6329259495192308 0.6017417692307693 0.6350805144230769 0.5622806826923077 0.6345785120192308 0.5335209615384615 0.6293624399038461 0.519760516826923 0.6222376081730769 0.5188193822115384 0.6087316538461539 0.5595441057692307 0.6044452163461538 0.5990424038461538 0.61465425 0.6137811947115385 0.623163141826923 0.6125671730769231
14 0.6398049711538462 0.6293246802884614 0.6490058966346154 0.6270330769230769 0.6544119975961539 0.6109562235576923 0.6623631081730769 0.5777869543269231 0.6619354759615385 0.5532879326923077 0.6622742475961538 0.53197203125 0.6520838076923077 0.5182984134615385 0.63616709375 0.5430827259615385 0.6325540937499999 0.5804382716346154 0.6317649999999999 0.6166790240384615 0.6398049711538462 0.6293246802884614
14 0.6791123942307693 0.6414245576923077 0.6859769254807693 0.6274532451923077 0.6933103798076924 0.5996222548076923 0.6919490120192309 0.5623535384615385 0.6806575 0.5263236514423076 0.6665193966346153 0.5308324302884615 0.6620284399038462 0.5586138076923077 0.6642305793269231 0.6033263437499999 0.6725680384615385 0.633014795673077 0.6791123942307693 0.6414245576923077
14 0.5933831105769231 0.6983269399038462 0.6000803076923077 0.6747690504807693 0.6116176249999999 0.6841571610576923 0.6119006153846154 0.6596457355769231 0.5993366009615385 0.6321620552884616 0.58112478125 0.6069079591346154 0.5699407259615384 0.6177581706730769 0.570368358173077 0.6422571947115384 0.5837731466346153 0.6771846923076923 0.5933831105769231 0.6983269399038462
14 0.4154151850961538 0.6428309110576923 0.4231576730769231 0.6384337692307693 0.4292558052884615 0.6212793341346153 0.43155911298076927 0.5903396466346154 0.43042085817307696 0.56585303125 0.42642151201923073 0.5403508533653846 0.4163054471153846 0.5309379326923077 0.4096826177884615 0.5587565216346154 0.4036960432692308 0.5823020048076923 0.4052061538461539 0.6280921201923076 0.4154151850961538 0.6428309110576923
14 0.39488775240384616 0.7699836490384615 0.3979946466346154 0.7443574326923077 0.3937535985576923 0.7050079807692308 0.38896925961538464 0.6752575096153847 0.38309834375 0.6647049927884615 0.3707905240384616 0.6926228100961538 0.37170156490384615 0.7448163798076923 0.37854340625 0.7702689399038462 0.39488775240384616 0.7699836490384615
14 0.4973496442307692 0.5721432788461539 0.49708934615384615 0.5572308317307693 0.4862068774038461 0.5446347932692308 0.47106066586538464 0.5321131778846154 0.45034101682692307 0.52608184375 0.43627728365384616 0.5348513221153847 0.4416978725961539 0.5603286923076923 0.45678831009615384 0.5696547836538461 0.4767601466346154 0.5735681682692307 0.4973496442307692 0.5721432788461539
14 0.42227359375 0.4321609038461538 0.41768887019230766 0.41311902403846157 0.40028425 0.39047653125 0.3814461466346154 0.3831565865384615 0.358379235576923 0.37718525240384615 0.3640588653846154 0.4102307548076923 0.37267219711538463 0.41645437980769234 0.39672278365384617 0.4300573076923077 0.42227359375 0.4321609038461538
14 0.5212316995192308 0.4495554927884615 0.5347905793269231 0.44676923557692305 0.53025034375 0.4302761634615385 0.5128012331730769 0.40508486057692306 0.4863334807692308 0.3991728870192308 0.4780093341346153 0.40951653846153846 0.4735531682692308 0.44656334375 0.48977390625 0.4501045913461538 0.5093509951923078 0.4510376658653846 0.5212316995192308 0.4495554927884615
14 0.2910519759615385 0.4178790673076923 0.30626678846153843 0.41251431490384616 0.33139494471153846 0.3904042043269231 0.34283075240384614 0.36343391826923077 0.3485597764423077 0.35058597836538463 0.33636764423076926 0.33422647355769236 0.3086221225961538 0.3525578870192308 0.2820604831730769 0.38999054807692307 0.29062932451923074 0.39366535817307696 0.2910519759615385 0.4178790673076923
14 0.20807481971153846 0.3415650072115385 0.2289741706730769 0.3208035048076923 0.23975996875 0.30531771153846154 0.24199917307692306 0.2874315096153846 0.2255559879807692 0.2711462067307692 0.19125347355769232 0.3036148076923077 0.17478313701923076 0.33449735336538466 0.18791445673076923 0.3559396394230769 0.20807481971153846 0.3415650072115385
14 0.047859677884615384 0.5177335480769231 0.06488613461538462 0.5187111442307692 0.09598800961538462 0.49777155528846156 0.11348651682692308 0.47706941586538465 0.10977424759615384 0.45928709855769234 0.09026389182692308 0.46217724038461544 0.06822514903846154 0.46638631009615383 0.04050187259615385 0.48599212980769235 0.056856076923076926 0.4971798125 0.045936807692307687 0.5050191730769231 0.047859677884615384 0.5177335480769231
14 0.2525933100961538 0.5325169423076923 0.26233159134615386 0.5447209591346154 0.27606518509615385 0.5311553918269231 0.2844046081730769 0.49959890384615385 0.2922919110576923 0.47852061778846156 0.2807488149038461 0.4720591778846154 0.2620528942307692 0.49237428605769235 0.24736523317307693 0.5240415817307692 0.2468965048076923 0.5335682259615384 0.2525933100961538 0.5325169423076923
14 0.5954221826923077 0.1597232331730769 0.6168940024038462 0.14701431009615384 0.6068004639423077 0.12588608413461538 0.5932417091346154 0.12051632932692308 0.5773416346153846 0.10958101923076922 0.5609480889423077 0.11323102403846154 0.5431958485576923 0.12475373798076922 0.5533872163461538 0.15148668028846154 0.5737742668269231 0.16234366826923077 0.5954221826923077 0.1597232331730769
14 0.6975965480769231 0.1848506081730769 0.7123966033653846 0.1756219951923077 0.7007487091346154 0.15115704567307692 0.6854595000000001 0.13236207932692307 0.6664702764423077 0.11587426682692309 0.6551745721153845 0.11158629567307693 0.645550625 0.11736070673076923 0.6558202548076923 0.14857742067307694 0.6673507524038461 0.1663167091346154 0.6975965480769231 0.1848506081730769
14 0.6808622596153846 0.7433711850961539 0.7024421129807692 0.7291134206730769 0.7187144615384615 0.7139567884615385 0.7223706826923078 0.6960458533653846 0.7054754783653846 0.675519125 0.6839821346153846 0.6947329158653847 0.6645764254807692 0.7198593028846154 0.6696032860576923 0.7425762067307692 0.6808622596153846 0.7433711850961539
14 0.6601513028846154 0.7695118629807692 0.6432349807692308 0.7856712427884616 0.6348806274038462 0.7996981562500001 0.6455129302884616 0.8024870889423077 0.64514578125 0.8193491057692307 0.6603551033653846 0.819083625 0.6891224711538461 0.7997428677884616 0.7065270552884615 0.7736599038461538 0.7054505456730769 0.7498825408653846 0.6889359735576923 0.7511623100961539 0.6770676274038461 0.7533524879807693 0.6601513028846154 0.7695118629807692
14 0.7157004326923077 0.9202427307692307 0.7106178509615385 0.9322295240384615 0.7174728221153847 0.9459909567307693 0.7324918293269231 0.9348222283653846 0.7493216442307692 0.913706829326923 0.7550481995192307 0.9007172908653847 0.7654728846153845 0.8916117692307692 0.7665013076923077 0.8747382091346154 0.7525453269230769 0.8710157836538461 0.7446446322115385 0.8731367043269231 0.7224727139423077 0.8913708317307693 0.7017271514423077 0.9155291009615384 0.7181379134615384 0.9083021033653846 0.7157004326923077 0.9202427307692307
14 0.10545327403846153 0.3863711009615385 0.11330952163461538 0.35018633413461536 0.10601645673076923 0.33759093749999997 0.08070864903846155 0.3465144831730769 0.05547484855769231 0.3596776370192308 0.051750228365384614 0.3894289423076923 0.06045750961538462 0.4019996514423077 0.10545327403846153 0.3863711009615385
14 0.8901989014423077 0.34428112259615384 0.9023181153846154 0.3464316995192308 0.9019166370192307 0.35352506250000004 0.9229935697115385 0.3271738653846154 0.9403258942307692 0.29695116346153844 0.945343625 0.2834782403846154 0.9392374447115385 0.2646878798076923 0.933378579326923 0.26006590865384616 0.9168492043269231 0.2761018870192308 0.8937541899038461 0.3072125480769231 0.8866634182692308 0.3222963990384615 0.8901989014423077 0.34428112259615384
14 0.1916525264423077 0.5977940432692308 0.20758471634615386 0.5964288100961539 0.21472142067307692 0.5897814350961539 0.2129867644230769 0.5735047067307693 0.19743816346153847 0.5552948317307692 0.1783401778846154 0.5414954471153846 0.15428064903846156 0.5343054711538462 0.14372735096153846 0.5529709543269231 0.15490666586538462 0.5701699639423077 0.1761987764423077 0.5850181826923077 0.1916525264423077 0.5977940432692308