14 0.5949941754807692 0.43779095432692305 0.6098761875 0.4320015096153846 0.61193653125 0.4139522932692307 0.5961208918269231 0.4021958317307692 0.5842880168269231 0.3922988173076923 0.5640278894230769 0.3959575841346154 0.5450476826923076 0.40420625 0.5440639807692308 0.42789112740384616 0.5710699879807692 0.43422583894230765 0.5949941754807692 0.43779095432692305
14 0.6016450096153846 0.5562936298076923 0.6117812211538461 0.5115970096153846 0.6102050841346154 0.47873233894230766 0.6022068701923077 0.45655738461538464 0.5900277091346153 0.45961638221153844 0.587329954326923 0.48839446153846156 0.5830059927884615 0.5255386538461538 0.5930696466346154 0.5557120240384615 0.6016450096153846 0.5562936298076923
14 0.516390875 0.5777065889423076 0.5260428798076923 0.5839238533653845 0.5446441201923077 0.5701751442307692 0.5631850985576923 0.5455619495192308 0.5721619158653847 0.5180043966346154 0.5797158052884616 0.4977671875 0.5707890576923077 0.48409395913461534 0.54948496875 0.5005731225961538 0.5382394326923077 0.5211780240384616 0.5278948485576923 0.5408727740384616 0.516390875 0.5777065889423076
14 0.5970676995192308 0.6357143677884616 0.6088678942307693 0.627155326923077 0.6191797980769231 0.5890045192307692 0.6246682475961538 0.5607688942307693 0.6224271177884616 0.5462246658653845 0.6156536538461539 0.5438227620192307 0.5939756923076923 0.5808495072115385 0.5815707644230769 0.6185934711538461 0.5884923389423077 0.6351327620192309 0.5970676995192308 0.6357143677884616
14 0.6098617836538461 0.6555657139423077 0.6193380985576924 0.6552371658653846 0.6279686298076924 0.6406356225961538 0.642642266826923 0.6098443100961538 0.6473176129807693 0.5857917427884616 0.6520808076923077 0.5650120793269231 0.6449559567307692 0.5495185504807693 0.6242341129807693 0.5704519951923077 0.6129334134615385 0.6062400480769231 0.6046266850961538 0.6415247908653845 0.6098617836538461 0.6555657139423077
14 0.6457945408653847 0.6755736538461539 0.6554138653846154 0.6633348653846153 0.668373451923077 0.6376367572115385 0.6747904350961539 0.6008994086538462 0.6712367067307692 0.5633092235576923 0.656470125 0.5647799975961538 0.6463012331730769 0.5910205625 0.6391589927884616 0.6352138725961538 0.6411416802884615 0.6659870168269231 0.6457945408653847 0.6755736538461539
14 0.5501079759615385 0.7134084591346154 0.5615567860576923 0.6917577932692307 0.5708900865384615 0.7033394927884615 0.5762631033653846 0.6794225384615384 0.5696878221153846 0.6499272379807692 0.5571245961538461 0.6214385552884616 0.5439290528846153 0.6297263677884615 0.5392537067307692 0.6537789375 0.5451037331730769 0.6907301995192309 0.5501079759615385 0.7134084591346154
14 0.3875673485576923 0.6221235408653847 0.3960548653846154 0.6194322403846153 0.40558634374999997 0.6039205456730768 0.4142720408653846 0.5741358485576923 0.4182497139423077 0.5499476682692308 0.4196399663461538 0.5241712644230769 0.4117020144230769 0.5128607908653846 0.3994401009615384 0.5386945120192308 0.38868896875000003 0.5604807884615385 0.38064577644230774 0.6055842524038462 0.3875673485576923 0.6221235408653847
14 0.3410519495192308 0.7422297932692307 0.3494189423076923 0.71780953125 0.35345178125000004 0.6784381971153847 0.3549574615384615 0.6483431225961538 0.3514088317307692 0.6368005721153847 0.3335655264423077 0.6615493798076924 0.3236050072115385 0.7127918100961538 0.32500544951923077 0.7391106706730769 0.3410519495192308 0.7422297932692307
14 0.4824081298076923 0.5700157355769231 0.4852539927884615 0.5553750408653846 0.47722819471153843 0.5407916634615385 0.4650163533653846 0.5253946009615384 0.4460034639423077 0.5151872091346154 0.43042378125 0.5208410384615385 0.430428875 0.5468886706730769 0.4432505456730769 0.5591484423076923 0.46197231250000004 0.5671286899038461 0.4824081298076923 0.5700157355769231
14 0.4380766418269231 0.41748312259615383 0.43755113461538464 0.3979041346153846 0.42523448798076924 0.3721378125 0.4083299447115385 0.3610611634615385 0.3870086105769231 0.3504244375 0.38569358173076923 0.3839286778846154 0.39282472596153845 0.39180711298076926 0.41352154326923074 0.4101131826923077 0.4380766418269231 0.41748312259615383
14 0.5312557379807692 0.45507214663461537 0.5450976201923077 0.45516582211538464 0.5440857019230769 0.4380891971153846 0.5322554639423077 0.40982050961538463 0.5075952620192308 0.39853477403846155 0.497302451923077 0.4069217019230769 0.48524120192307696 0.4422324567307693 0.5003712115384615 0.44906880288461537 0.5193264951923077 0.4540517908653846 0.5312557379807692 0.45507214663461537
14 0.3126918942307692 0.37623086778846154 0.3286896201923077 0.3741466875 0.35786561778846154 0.3577441730769231 0.3746589615384615 0.3337408894230769 0.38293403125 0.32236483894230766 0.3744096586538461 0.30382794230769233 0.34345912740384615 0.31599015384615387 0.309695235576923 0.34708234375 0.3173127908653846 0.3524584134615385 0.3126918942307692 0.37623086778846154
14 0.2473945721153846 0.28433253365384614 0.27215378125 0.26836993990384617 0.2859235625 0.2554650408653846 0.29183258653846156 0.23843525240384617 0.27913462740384615 0.21908709134615384 0.23883110336538463 0.24371428365384615 0.21629984134615385 0.27049759375 0.2246861081730769 0.29420147115384615 0.2473945721153846 0.28433253365384614
14 0.05405301682692308 0.42334076923076924 0.07050415144230769 0.42783699999999997 0.10527996153846154 0.4138214375 0.12670030048076922 0.39720983173076924 0.12676630528846153 0.3790442764423077 0.10708140144230768 0.37781483173076924 0.08464914423076923 0.3773498100961538 0.053455408653846154 0.3907632043269231 0.06712618509615384 0.4051066394230769 0.05481563461538462 0.4105044471153846 0.05405301682692308 0.42334076923076924
14 0.2512390889423077 0.480367625 0.2582272067307692 0.4943296586538462 0.27448112740384617 0.48391590625 0.2891992764423077 0.45478286778846155 0.30129664663461536 0.4358050528846154 0.2913492019230769 0.42708486778846155 0.26883808413461535 0.44306893990384616 0.24788738221153844 0.47099049519230773 0.2454481971153846 0.4802115048076923 0.2512390889423077 0.480367625
14 0.6640844975961537 0.18699848557692308 0.687729439903846 0.17903152403846154 0.6822492764423077 0.15626643509615384 0.6701032451923077 0.14819500000000002 0.6568242043269231 0.13419283894230769 0.6400300192307693 0.13435467548076924 0.6202700000000001 0.14193469230769232 0.6246805697115385 0.1702023581730769 0.6423648221153846 0.18506080288461538 0.6640844975961537 0.18699848557692308
14 0.7588018317307692 0.2328200096153846 0.7751972067307692 0.22687016826923076 0.7688903966346154 0.20051810336538461 0.7578429879807692 0.17895504807692308 0.7426967331730769 0.15887945192307693 0.7325393846153846 0.15233667548076923 0.7219251754807693 0.15598396875 0.7254800721153847 0.18865369951923078 0.7330703942307693 0.20840266826923076 0.7588018317307692 0.2328200096153846
14 0.6263102716346154 0.7756563197115385 0.6503829086538461 0.7661968245192308 0.6694509086538462 0.7547546129807692 0.6767511249999999 0.7379952475961539 0.6644928677884615 0.7144043653846153 0.6394744350961539 0.7287295697115385 0.6152687163461539 0.7492722139423077 0.6154626177884615 0.7725378413461539 0.6263102716346154 0.7756563197115385
14 0.6006169471153846 0.7969197115384615 0.5807105625 0.8092088677884616 0.5696224110576923 0.8211922908653846 0.5794425216346154 0.8261308605769231 0.5755775841346155 0.8425480673076924 0.5905097427884616 0.8454505841346154 0.6226696442307692 0.8325135408653845 0.6451168509615385 0.8106191682692307 0.6490074567307692 0.787137576923077 0.6325876874999999 0.7849558100961538 0.620523329326923 0.7846305576923077 0.6006169471153846 0.7969197115384615
14 0.6236134855769231 0.9559060600961539 0.6161497740384616 0.9665741850961538 0.6199937860576923 0.9814601274038461 0.6370066995192307 0.9736580889423077 0.6578588822115384 0.9565032259615385 0.6661609735576923 0.9449881586538461 0.678251 0.9382490288461539 0.6827651610576922 0.9219580168269231 0.6698880865384615 0.9154153245192307 0.6617190769230769 0.9158472524038461 0.6362405793269231 0.9290731177884616 0.6109255721153846 0.9483902259615384 0.628480295673077 0.9447331466346154 0.6236134855769231 0.9559060600961539
14 0.13769984375 0.30682328846153845 0.15290764903846155 0.2730626514423077 0.14839268509615386 0.25922618028846156 0.12178260576923076 0.2626929350961538 0.09436344951923077 0.27032204326923076 0.08453457692307692 0.2986488173076923 0.09043798557692308 0.31275517067307695 0.13769984375 0.30682328846153845
14 0.9140478942307693 0.42881086778846156 0.9254551442307692 0.43343417307692306 0.9235876466346155 0.4402890600961538 0.94968271875 0.4188958389423077 0.9729199447115384 0.39293716826923075 0.9806292043269231 0.38080190625 0.9785631947115385 0.3611526129807692 0.9737933197115385 0.35541351923076925 0.9542910841346154 0.3676624206730769 0.9252324807692307 0.39329151442307697 0.9151605504807693 0.4065714927884615 0.9140478942307693 0.42881086778846156
14 0.1780581346153846 0.5315479639423077 0.19392601682692306 0.5335250552884616 0.20228883173076923 0.5285067451923077 0.20397620432692307 0.5122250456730769 0.19255342307692308 0.49118036538461535 0.1767418293269231 0.4737118341346154 0.1547029375 0.46167671875 0.14049948076923077 0.47774016346153847 0.14785862740384614 0.49688764423076925 0.16559833653846154 0.5158382716346154 0.1780581346153846 0.5315479639423077