14 0.5498016923076923 0.5802837043269231 0.5506532716346154 0.58590134375 0.5524985528846154 0.5983732379807692 0.5551942740384616 0.6146607163461538 0.56523578125 0.6249720240384615 0.5714491682692308 0.6163111514423077 0.5823297163461538 0.6124174783653846 0.5785072932692308 0.6024555817307692 0.5727065889423076 0.593201625 0.56520728125 0.5799206153846154 0.5570042163461538 0.5712688629807693 0.5498016923076923 0.5802837043269231
14 0.6113853004807692 0.5175614326923077 0.6010652524038462 0.5137871730769231 0.5832538798076923 0.5093463004807692 0.5682769278846154 0.5170233509615385 0.5674333293269231 0.5240201057692307 0.5692774663461538 0.5346899423076923 0.5797396346153846 0.5397008173076923 0.5962753485576923 0.5384183173076923 0.6123801394230769 0.5262177427884616 0.6113853004807692 0.5175614326923077
14 0.4685511706730769 0.609874704326923 0.4619102884615385 0.6130236682692307 0.45216328125000005 0.6214041009615384 0.4391691706730769 0.6355814350961538 0.4333832860576923 0.6497542091346153 0.43805158894230767 0.6563234639423077 0.44639449519230767 0.66260771875 0.4538812596153846 0.656066110576923 0.46333946875000004 0.6380042211538461 0.4739255168269231 0.6154188100961538 0.4685511706730769 0.609874704326923
14 0.51410978125 0.6854969423076922 0.5128421033653846 0.6923879639423076 0.5148260817307693 0.7006903052884615 0.5206290649038462 0.713548375 0.5302464927884615 0.7237539471153845 0.5361813365384616 0.721630125 0.53603465625 0.7131852836538461 0.5333412163461538 0.7005019206730769 0.5300815745192308 0.686476204326923 0.5264012716346154 0.6777509230769231 0.5190554855769232 0.6837270913461538 0.51410978125 0.6854969423076922
14 0.5421366995192307 0.7519433173076924 0.5354923942307692 0.7496861153846154 0.5243344447115384 0.7619188942307692 0.5168499591346154 0.7720646153846153 0.5099328149038461 0.7853547451923077 0.5100783533653847 0.79199753125 0.5129082163461539 0.7969072307692309 0.5178516418269231 0.791533266826923 0.5250564447115385 0.7861225360576923 0.5329684326923076 0.78148871875 0.5424346177884616 0.7760412235576923 0.546243360576923 0.7643784471153846 0.5415750600961539 0.7578091923076923 0.5421366995192307 0.7519433173076924
14 0.7100630120192307 0.38123715865384616 0.6984801923076923 0.3953998293269231 0.6901753557692308 0.42300986298076926 0.7126094038461539 0.4128157115384615 0.7279065240384616 0.39705310576923075 0.7338467692307693 0.3903246298076923 0.7241826322115384 0.38349456730769227 0.718977576923077 0.3777762764423077 0.7100630120192307 0.38123715865384616
14 0.6803689783653847 0.4262483870192308 0.6742780985576923 0.4297817884615384 0.6720533509615384 0.4368051394230769 0.6680533653846153 0.45664744230769233 0.6702972884615386 0.47994104086538464 0.6747623605769231 0.49052686057692313 0.6851520961538462 0.46975168509615384 0.6894533509615385 0.4562995288461539 0.6928567980769231 0.4331509711538462 0.6855728341346154 0.4300718677884615 0.6803689783653847 0.4262483870192308
14 0.6522773173076923 0.44190035096153846 0.6447775528846154 0.44401478125 0.6340529567307692 0.4537365360576923 0.6236434759615384 0.4675211875 0.61511125 0.48443011298076927 0.6250103798076924 0.4873409471153846 0.6453181490384616 0.4751388076923077 0.6557309903846154 0.4666674350961539 0.6615605 0.4592668245192308 0.6565539326923078 0.45004988701923077 0.6559253846153846 0.4445807283653846 0.6522773173076923 0.44190035096153846
14 0.6103819879807693 0.4195016778846154 0.6048617139423077 0.42166694711538466 0.6011080504807692 0.4167467235576923 0.5953774182692307 0.4157606177884615 0.5917402740384615 0.43034839903846156 0.5889361610576923 0.44425846874999997 0.5886328076923077 0.45879204567307696 0.5887400865384615 0.46368853365384616 0.5955157836538462 0.46980493990384614 0.6043631274038461 0.4569589110576923 0.6095640865384616 0.4440891466346154 0.6149669999999999 0.42108755528846153 0.6103819879807693 0.4195016778846154
14 0.6451414038461538 0.5251202307692308 0.6360753004807692 0.5215316875 0.6277416682692307 0.5229955072115385 0.6184744495192308 0.5308671057692307 0.6099363413461538 0.538477795673077 0.6026486129807692 0.5464002355769231 0.6049457379807692 0.5544989326923078 0.6103629374999999 0.5540787764423076 0.6226555504807691 0.5527166370192308 0.6321339639423077 0.5493247259615385 0.6409863485576923 0.5444486153846154 0.6446285336538462 0.5378307572115385 0.6433747908653846 0.5322057235576924 0.6451414038461538 0.5251202307692308
14 0.6323045745192307 0.5913038509615385 0.6220759014423076 0.5940550649038461 0.6078710096153845 0.622322451923077 0.6091355889423077 0.6491452980769231 0.62259984375 0.633416875 0.6385509927884615 0.6045245817307692 0.6323045745192307 0.5913038509615385
14 0.5396118894230769 0.5224961129807693 0.5561986875 0.5308382524038462 0.5617238509615384 0.5276586947115385 0.5632036730769231 0.5196144831730769 0.56683159375 0.5166629879807693 0.5661659831730769 0.5077333100961539 0.5595617836538461 0.5004779158653846 0.5501538605769231 0.49497731971153847 0.5424825985576923 0.4962195985576923 0.5380238341346154 0.48984967067307694 0.5329930552884615 0.49210084375 0.5326665697115385 0.49762822596153844 0.5348199879807692 0.5111354399038461 0.5396118894230769 0.5224961129807693
14 0.4541291971153846 0.47407012019230765 0.446806875 0.48083290865384615 0.4403686009615385 0.4872793341346154 0.4320382716346154 0.49808502163461543 0.42547806971153845 0.5114791586538462 0.4251041418269231 0.5194375985576923 0.4275073293269231 0.5243310048076923 0.43281057932692313 0.5208222524038462 0.4377327668269231 0.5139978221153846 0.43369666105769233 0.5237270649038461 0.4331957139423077 0.5305802788461539 0.4439261730769231 0.519836235576923 0.45464848317307693 0.49620748798076925 0.46070162499999995 0.48000303365384617 0.4541291971153846 0.47407012019230765
14 0.4710510240384615 0.4659433149038461 0.4670128798076923 0.47245138221153843 0.4671429567307692 0.4783883701923077 0.46095566346153843 0.48221348557692306 0.46108675961538464 0.48976106009615383 0.4639970072115384 0.49746478125 0.47865693028846157 0.5080980240384615 0.4928077548076923 0.5126997764423077 0.4987420264423077 0.5082748004807692 0.49646076442307696 0.4964336802884616 0.49064332451923076 0.4858580048076923 0.4805275889423077 0.46991642067307693 0.4710510240384615 0.4659433149038461
14 0.5212703461538462 0.6210087596153847 0.5097664831730769 0.6294725024038462 0.4996682932692308 0.6412688197115385 0.4970060072115385 0.6483584951923077 0.5036053052884616 0.6523895649038463 0.5040320985576924 0.6614422740384616 0.5153982259615385 0.6571191274038461 0.5221250697115385 0.6409037211538462 0.5298330528846154 0.6225472620192308 0.5212703461538462 0.6210087596153847
14 0.5476958293269231 0.6818715841346153 0.5467169519230769 0.6875917235576924 0.5415233269230769 0.6868932259615386 0.5387210408653846 0.6945444182692307 0.5426546586538461 0.7002965384615384 0.5495384855769231 0.7103627475961538 0.5609136658653846 0.7203559375 0.5706020408653847 0.7263500384615384 0.5739677283653847 0.721821420673077 0.5742431995192308 0.7135402235576923 0.5693227860576923 0.7009814471153846 0.5634212331730769 0.6905637259615385 0.5552728701923078 0.6783929711538461 0.5476958293269231 0.6818715841346153
14 0.6569347764423077 0.7478752067307692 0.6629706706730769 0.7487837067307692 0.6695631778846154 0.7420775216346154 0.6784070168269231 0.7442825384615385 0.6816304375000001 0.7367363509615384 0.6821847812499999 0.7255425865384615 0.6757209591346154 0.7137918341346154 0.6717850817307693 0.7044606322115385 0.6657469230769231 0.6999730480769231 0.6619533076923076 0.6936594134615385 0.6559208076923077 0.6981195432692308 0.6542555120192308 0.7281217548076923 0.6569347764423077 0.7478752067307692
14 0.6506603966346154 0.5918380673076923 0.6461724375 0.5972797163461538 0.6426644855769231 0.5987907644230769 0.6391565336538462 0.6003018100961538 0.6349519735576923 0.6099890576923077 0.6360810360576923 0.6198132836538461 0.6401569182692307 0.6285829711538462 0.6484464134615385 0.6419817548076924 0.6546257067307693 0.6476973653846153 0.6589691370192308 0.6356590649038462 0.6596589519230769 0.6167456201923076 0.6586630985576923 0.5956226274038461 0.6506603966346154 0.5918380673076923