14 0.4294657235576923 0.3828294807692308 0.41651490865384616 0.39121065865384613 0.39938440625 0.4009520480769231 0.3992297451923077 0.4191178221153846 0.4132952716346154 0.4266777716346154 0.4374756105769231 0.4260548557692308 0.46505232692307696 0.4230585673076923 0.46696241586538456 0.39943035096153845 0.4491289447115384 0.3889300625 0.4294657235576923 0.3828294807692308
14 0.4038492860576923 0.4444253149038462 0.3932082427884615 0.46546024278846154 0.3876386610576923 0.49788786298076926 0.39225217067307694 0.5434866153846154 0.40083449278846156 0.5439544182692307 0.4145003413461538 0.51523240625 0.41473534855769234 0.4778381225961539 0.4155648677884616 0.4489457764423077 0.4038492860576923 0.4444253149038462
14 0.42115049519230774 0.4880689182692307 0.4261817836538461 0.5090758677884616 0.43173326923076927 0.5375220096153847 0.44713645192307694 0.5642113197115385 0.4639234951923077 0.5801244711538461 0.47426124999999997 0.575129829326923 0.4673319350961539 0.5371685865384616 0.4594646466346154 0.5163599495192307 0.45081403846153845 0.49453814903846155 0.4316770528846154 0.4755855048076923 0.42115049519230774 0.4880689182692307
14 0.3728520673076923 0.53096 0.3688551442307692 0.5451226947115384 0.37086162740384615 0.5738167283653847 0.3764472548076923 0.6129398701923077 0.38711640625 0.6228731971153846 0.3956987283653846 0.623341 0.40458434374999996 0.6077685168269231 0.3968717139423077 0.5687941105769231 0.37986775961538466 0.5294014783653846 0.3728520673076923 0.53096
14 0.34112980048076924 0.5459935 0.34332508653846155 0.5671987620192308 0.34503431250000005 0.5916418269230769 0.3558460600961538 0.6239918942307692 0.3626327788461538 0.6395363966346154 0.37199841826923075 0.6410173653846154 0.3789056538461538 0.6277191009615385 0.3749609711538462 0.59168503125 0.36810597115384613 0.5547865288461539 0.3500897283653846 0.5314837596153846 0.34112980048076924 0.5459935
14 0.3223242139423077 0.5419688197115384 0.31421588221153846 0.5788457235576924 0.31610787740384616 0.6160912716346154 0.3258390528846154 0.643177204326923 0.33389514423076927 0.6564970697115384 0.3396816394230769 0.6475489302884616 0.34539985096153847 0.6172467932692308 0.34369665625 0.5725124735576923 0.33680148317307695 0.5452282259615384 0.3223242139423077 0.5419688197115384
14 0.41256008653846155 0.6403168942307692 0.40243924278846155 0.6687910168269231 0.40485746875 0.6931845024038462 0.41553265384615384 0.6828265745192308 0.4242575721153846 0.7057111201923078 0.43198829807692307 0.6838117620192308 0.4422979447115385 0.6478488701923077 0.44058871875 0.6234058028846154 0.42850156490384617 0.6135716346153847 0.41256008653846155 0.6403168942307692
14 0.5768153076923077 0.5337845192307692 0.5750538413461539 0.55953821875 0.5760540697115385 0.5840308605769231 0.5810451826923078 0.6146520673076923 0.5886152163461539 0.6312097355769232 0.5967114783653846 0.6349153437499999 0.6055970913461539 0.6193428629807692 0.6031105817307693 0.5735953774038461 0.5950946658653846 0.5506612572115385 0.5860724879807692 0.5235257451923077 0.5768153076923077 0.5337845192307692
14 0.6258829326923077 0.6649136346153846 0.6237097259615385 0.6949678798076923 0.6229143461538461 0.7345372259615384 0.6282428894230769 0.7597951442307692 0.6445499062500001 0.7586548461538462 0.6491473725961538 0.7327028341346153 0.6455059783653846 0.6806284735576923 0.6308117980769231 0.6538895889423078 0.6258829326923077 0.6649136346153846
14 0.5517431971153847 0.5216545288461538 0.5316280600961538 0.5294687475961538 0.5176308149038461 0.5432627932692308 0.5078875745192307 0.5567593701923077 0.5089279711538461 0.5716377572115385 0.5295633076923077 0.571262733173077 0.5491180721153847 0.5656235793269231 0.5633382620192308 0.5550177572115385 0.5665177235576923 0.5291649014423077 0.5517431971153847 0.5216545288461538
14 0.6079191466346153 0.37326856009615383 0.5897907019230769 0.3822025 0.5744257355769231 0.4062757427884615 0.5715180673076923 0.42564475 0.5967883076923077 0.4213222572115385 0.6195618028846154 0.4056749471153846 0.6275999326923076 0.3987243028846154 0.63037784375 0.36530953605769234 0.6079191466346153 0.37326856009615383
14 0.5048268533653846 0.39836544951923075 0.47897507932692307 0.4065617427884615 0.46378793509615385 0.4331779735576923 0.4607024423076923 0.45000399278846154 0.47445256490384613 0.4515979158653846 0.48641724038461537 0.4520389735576923 0.5058385072115384 0.4494031971153846 0.5216888798076923 0.4444616923076923 0.5140208317307692 0.40794424278846153 0.5048268533653846 0.39836544951923075
14 0.6378416586538461 0.33795565865384614 0.6446686538461539 0.35025538942307693 0.6584115600961538 0.37612635096153846 0.6853711201923077 0.3959622620192308 0.7009956033653846 0.39998054086538465 0.6993062836538461 0.37582213701923073 0.7075222355769231 0.371414485576923 0.6777991995192308 0.33643926682692304 0.6485615697115384 0.32059579086538464 0.6378416586538461 0.33795565865384614
14 0.7384924903846154 0.2657541418269231 0.7422820600961538 0.28337712259615383 0.7543764927884615 0.29786394471153843 0.7770057980769232 0.31672494471153845 0.7983422740384616 0.3292877860576923 0.8095548076923078 0.30678262259615385 0.7904555552884616 0.2774530793269231 0.7534537475961538 0.24809769230769232 0.7384924903846154 0.2657541418269231
14 0.9048804687499999 0.4266103125 0.8851924615384615 0.4254316081730769 0.8830441490384615 0.4434698028846154 0.9022803798076923 0.46256806971153847 0.9350889086538461 0.48071726923076924 0.9519653725961538 0.4782594423076923 0.9527727932692307 0.4654258581730769 0.9412118317307693 0.45856800721153845 0.956528733173077 0.44599753365384615 0.9272021899038462 0.4288825625 0.9048804687499999 0.4266103125
14 0.7050456442307692 0.4604993990384615 0.714740028846154 0.48081005528846155 0.7257980456730769 0.5115196298076923 0.7406616971153847 0.5238366153846153 0.7492992716346154 0.5108302908653847 0.7550660240384615 0.5113810649038462 0.7537687764423077 0.5019315264423077 0.7363770216346153 0.4716648461538462 0.7159816658653846 0.45305650240384615 0.7050456442307692 0.4604993990384615
14 0.3889254182692307 0.11780744711538461 0.37403892307692305 0.13008693028846155 0.3609997668269231 0.1366179735576923 0.3527860841346154 0.15854551201923076 0.37528385336538467 0.16933468028846152 0.39707777644230774 0.17005840384615387 0.41644100240384613 0.15746587980769233 0.4242636586538462 0.12994643028846153 0.40557469951923075 0.12001477403846154 0.3889254182692307 0.11780744711538461
14 0.30068442788461536 0.13184481971153847 0.2832044735576923 0.14992491105769232 0.26961153365384616 0.1699809014423077 0.2601402235576923 0.19536793509615386 0.2756882884615385 0.20327151923076922 0.3042036514423077 0.18217205528846153 0.3141441923076923 0.16349531971153847 0.32165402884615385 0.13150233653846152 0.3115634278846154 0.1265886826923077 0.30068442788461536 0.13184481971153847
14 0.29556202644230767 0.7146807235576923 0.3007653774038462 0.7322048389423077 0.3182967908653846 0.7458855673076923 0.3410371730769231 0.7582082692307692 0.35218401442307695 0.7564350312499999 0.3552118389423077 0.7333664519230769 0.3336900649038462 0.710026997596154 0.3106039182692308 0.6927595913461538 0.29556202644230767 0.7146807235576923
14 0.3377215096153846 0.8150853653846154 0.36806506730769234 0.8318452836538461 0.3832396514423077 0.8307841754807692 0.3814042788461538 0.8140183221153846 0.39175305048076925 0.8103133365384616 0.38220796153846154 0.7970679278846154 0.3639476274038461 0.7824443966346154 0.34568729326923076 0.7678208653846154 0.33367322355769236 0.7666734182692309 0.31710995432692307 0.7668378581730769 0.318109875 0.7906185649038461 0.3377215096153846 0.8150853653846154
14 0.2807518389423077 0.8916147331730768 0.26717339663461537 0.8965393365384616 0.26966853365384613 0.9132590528846154 0.28084714903846153 0.9214213557692308 0.28768402403846155 0.9338623629807692 0.30629012499999997 0.9534305985576924 0.3222254014423077 0.9632478317307692 0.32785489903846154 0.9489413149038461 0.3217469399038461 0.9374431105769231 0.31827803846153846 0.9257603629807692 0.3352562283653846 0.9315295673076923 0.3124840793269231 0.9092713221153846 0.2888073221153846 0.8930389927884614 0.2807518389423077 0.8916147331730768
14 0.8783294326923077 0.30387102403846156 0.8721618822115385 0.3170541225961539 0.8831419447115384 0.35241648076923077 0.9293286057692308 0.3640639182692308 0.9369071418269231 0.35078215625 0.9306036995192308 0.3214686875 0.9043186754807693 0.3105548918269231 0.8783294326923077 0.30387102403846156
14 0.04192518269230769 0.30386537980769235 0.037479927884615384 0.32311642548076924 0.043652805288461535 0.3361007548076923 0.06355325961538462 0.36469783894230773 0.08684664423076922 0.38911178605769237 0.08582846875 0.38208040625 0.09771412740384615 0.3788817548076923 0.09932006490384615 0.3566725504807692 0.09094162980769231 0.3422641009615385 0.0652230264423077 0.31328468990384617 0.04735892307692308 0.29875036298076924 0.04192518269230769 0.30386537980769235
14 0.8240523750000001 0.5133030432692307 0.8062297596153846 0.5287144158653846 0.7923274206730769 0.5482101466346154 0.7920179759615384 0.564576125 0.7997068798076923 0.5705761995192308 0.8156974302884615 0.5705476538461538 0.8299788846153846 0.5564735264423077 0.8498958653846154 0.5398260793269231 0.8595336466346153 0.5217181778846154 0.847393701923077 0.5040435 0.8240523750000001 0.5133030432692307